51 4
57 13
41 9
61 2
55 15
28 8
16 14
51 18
59 3
10 2
49 46
54 41
14 3
37 36
36 20
61 37
44 2
40 36
13 9
44 38
24 14
59 36
45 24
45 21
29 18
54 13
52 29
20 8
19 1
13 5
57 54
30 7
43 38
21 18
14 0
20 16
40 15
40 33
29 21
52 14
51 29
35 29
50 45
57 5
38 20
24 18
25 17
17 13
24 15
45 37
42 30
45 15
41 1
13 6
37 33
52 38
34 14
47 28
50 20
43 14
8 3
36 23
26 1
57 17
30 28
51 11
47 0
53 43
37 21
55 51
57 9
33 12
37 14
38 14
56 5
47 10
15 0
27 26
33 16
59 15
43 37
10 0
45 8
60 32
29 24
28 1
44 20
37 34
45 23
52 40
47 30
47 42
54 1
27 17
33 21
9 6
