0:0 47 42 10 30 2 28 61 53 
1:1 26 19 41 28 54 30 27 25 7 17 22 57 13 6 9 5 56 32 48 60 31 39 
2:2 61 44 53 10 42 0 47 30 28 20 8 50 3 59 
3:3 59 8 45 15 23 18 24 51 21 29 55 35 11 4 
4:4 51 11 55 23 24 18 45 15 29 21 35 59 
5:5 56 
6:6 56 9 54 13 5 57 41 32 17 22 60 48 31 39 
7:7 19 30 54 1 41 28 47 26 27 42 25 0 10 2 
8:8 3 28 20 47 59 44 30 36 42 39 23 2 0 10 50 45 15 18 55 51 24 11 4 29 21 35 
9:9 32 5 41 6 13 57 56 54 17 60 22 48 31 39 
10:10 2 42 0 47 30 28 61 53 
11:11 51 55 4 23 
12:12 33 34 16 21 50 37 14 49 43 40 38 52 46 44 58 20 36 53 61 2 39 
13:13 32 5 41 6 9 57 54 56 17 60 22 48 31 39 
14:14 3 52 34 16 24 50 33 38 37 49 40 43 44 58 12 21 8 20 46 29 18 45 35 51 15 59 36 55 11 23 4 0 53 61 2 10 42 47 28 30 39 
15:15 59 0 55 24 45 18 51 3 8 23 29 21 35 11 4 10 
16:16 20 33 37 50 38 14 34 21 8 36 43 44 40 3 52 12 58 46 49 59 53 61 45 23 2 29 18 35 24 51 15 11 4 55 0 10 42 47 28 30 39 
17:17 22 25 27 26 31 
18:18 21 24 15 51 45 29 55 11 23 35 4 59 
19:19 7 30 54 1 41 28 47 26 27 42 25 0 10 2 
20:20 44 28 16 8 47 38 30 50 42 58 33 2 12 14 34 37 10 3 0 43 40 61 52 53 49 46 36 59 39 
21:21 18 29 24 35 51 45 15 23 11 55 4 59 
22:22 17 25 27 31 26 
23:23 36 39 59 3 8 45 15 55 24 51 18 11 21 29 35 4 
24:24 15 18 51 45 55 29 11 21 23 35 4 59 
25:25 26 27 
26:26 25 27 
27:27 25 26 
28:28 30 8 47 20 42 3 0 10 59 2 50 44 61 53 
29:29 35 52 10 21 24 18 51 45 11 55 15 23 4 59 
30:30 19 7 54 1 41 28 47 26 27 42 25 0 10 2 
31:31 17 22 25 27 26 
32:32 60 
33:33 12 34 16 21 50 37 14 49 43 40 38 52 46 44 58 20 36 53 61 2 39 
34:34 49 44 46 2 61 53 43 37 33 38 12 14 16 58 52 40 50 20 36 39 
35:35 29 52 10 21 18 2 24 42 51 45 11 55 4 15 0 23 47 59 30 28 8 3 20 50 44 36 40 14 37 16 34 33 38 43 61 58 53 12 49 46 39 
36:36 23 59 39 3 8 45 15 55 24 51 18 11 21 29 35 4 
37:37 61 34 16 21 8 36 33 20 45 14 59 40 49 50 3 38 23 43 18 44 52 29 53 15 46 51 58 24 55 35 11 12 4 0 2 10 42 47 28 30 39 
38:38 58 52 44 20 2 16 61 53 14 43 50 34 33 37 12 49 46 40 36 39 
39:39 36 23 59 3 8 45 15 55 24 51 18 11 21 29 35 4 
40:40 52 7 0 36 14 15 23 39 19 37 59 45 3 34 30 16 24 33 8 50 38 21 43 18 12 20 29 51 42 58 44 47 55 28 10 35 11 2 4 49 46 61 53 
41:41 9 54 1 13 57 19 6 32 5 17 60 48 56 22 31 39 
42:42 2 10 0 47 30 28 61 53 
43:43 46 53 61 49 2 44 34 37 33 38 12 14 16 58 52 40 50 20 36 39 
44:44 2 34 49 61 53 46 43 37 33 38 12 14 16 58 52 40 50 20 36 39 
45:45 23 59 8 15 18 51 24 55 3 21 29 11 35 4 
46:46 49 
47:47 28 30 42 19 7 0 10 2 61 53 
48:48 57 39 5 41 9 13 6 32 54 56 17 22 60 31 
49:49 46 
50:50 42 20 33 16 38 47 14 12 2 44 10 0 34 43 52 58 40 37 49 46 61 36 53 39 
51:51 11 55 4 24 18 15 29 21 45 23 35 59 
52:52 38 40 14 58 33 44 7 0 34 16 43 12 50 37 20 49 46 36 53 61 39 2 42 10 47 30 28 8 3 59 19 
53:53 61 2 44 
54:54 7 41 6 1 19 57 13 9 56 5 17 32 22 60 27 25 26 48 31 39 
55:55 51 11 4 23 24 18 45 15 29 21 35 59 
56:56 5 
57:57 5 48 41 6 39 9 13 56 54 32 60 17 22 31 
58:58 38 52 44 20 2 16 61 53 14 43 50 34 33 37 12 49 46 40 36 39 
59:59 3 15 36 8 23 39 45 55 24 51 18 11 21 29 35 4 
60:60 32 
61:61 53 2 44 
