50 20
33 14
16 14
38 14
29 18
20 8
41 13
42 30
9 6
44 2
51 18
41 9
39 36
42 10
28 1
21 18
47 30
51 21
17 1
45 29
35 29
40 14
18 15
41 1
8 3
10 2
40 15
57 48
24 14
37 33
17 13
57 6
37 21
32 13
38 16
59 8
13 6
52 38
37 14
30 7
61 2
50 45
47 0
44 20
53 43
38 20
47 42
36 23
17 6
61 37
33 16
13 5
52 40
27 7
54 7
47 20
56 5
57 5
29 21
28 20
14 0
34 33
52 14
40 7
19 1
42 2
37 36
55 51
61 53
31 17
19 7
60 32
47 28
33 12
51 11
26 1
49 34
36 1
45 8
24 18
49 46
15 0
43 14
32 9
44 34
51 50
36 20
43 33
46 43
54 1
52 29
58 38
57 41
51 24
45 18
55 15
