51 4
29 10
46 43
43 37
45 18
34 14
37 21
61 2
56 6
58 38
30 19
20 16
22 17
10 0
43 33
59 36
18 15
45 29
38 14
51 45
61 37
41 1
51 18
53 43
54 13
42 30
57 9
20 18
17 6
60 32
50 42
50 33
21 18
40 15
8 3
16 14
36 1
34 33
55 15
59 45
55 51
45 23
26 1
27 26
54 41
9 5
50 14
51 29
27 25
51 50
59 3
9 6
37 33
57 5
25 17
59 15
50 45
47 42
52 38
40 0
41 13
36 20
13 9
10 2
40 37
29 21
33 14
54 19
14 0
33 12
43 14
57 41
30 28
45 21
57 17
47 0
41 9
42 0
42 10
37 8
40 36
50 16
33 21
28 20
24 18
30 7
57 6
32 13
38 33
49 46
37 36
47 30
51 11
44 38
42 2
43 29
