82 31
32 23
75 73
65 51
72 71
41 8
45 26
102 94
94 84
99 63
37 35
18 12
21 8
5 4
65 58
100 79
15 12
74 73
47 17
85 72
102 46
55 19
84 72
82 76
88 72
89 88
62 59
97 73
20 3
13 11
101 100
82 73
81 71
21 3
53 26
2 0
12 9
42 40
41 12
91 79
101 84
92 75
73 66
24 12
29 4
91 31
4 0
78 31
84 82
80 30
27 23
85 65
99 90
5 0
47 40
85 66
104 67
95 73
24 3
100 62
82 74
77 19
86 76
49 48
53 24
57 48
103 67
100 83
42 39
9 8
6 1
55 15
84 79
35 34
40 35
91 74
10 6
43 8
14 3
40 8
63 59
98 91
37 33
93 30
73 71
97 96
9 3
75 70
57 56
58 14
58 52
44 40
54 27
79 30
40 24
4 2
79 75
83 76
72 70
32 8
46 12
97 81
23 12
36 35
96 66
39 35
48 9
78 74
47 37
77 58
83 75
96 84
69 65
58 30
40 12
64 51
101 86
6 0
74 30
74 31
40 13
84 74
25 22
18 3
99 60
62 60
17 3
78 71
45 40
71 68
99 62
63 60
28 4
41 9
33 12
83 71
14 9
84 60
13 12
12 10
24 9
42 13
69 64
72 49
37 10
58 49
29 6
5 2
77 71
38 12
12 3
30 4
20 9
82 75
39 33
7 2
80 66
49 9
88 74
52 9
41 27
37 34
27 8
21 10
98 87
26 11
69 58
20 8
14 12
77 75
55 10
89 73
64 58
70 64
45 8
1 0
78 75
12 8
86 61
41 36
100 96
17 13
57 49
97 66
79 71
6 5
35 10
54 40
47 36
25 6
39 34
23 21
44 12
16 10
99 59
94 73
91 75
45 9
37 8
47 46
38 33
33 8
18 6
41 40
90 70
36 34
74 71
56 19
47 45
10 3
90 72
47 27
102 93
44 8
22 6
33 23
17 12
86 72
27 11
99 73
58 50
20 11
87 74
40 20
58 51
65 64
44 35
98 73
68 64
76 72
23 8
83 30
99 84
44 13
99 93
5 1
40 26
69 51
43 13
8 3
6 4
60 59
46 8
73 72
49 20
99 30
11 8
76 71
100 66
22 3
84 75
25 14
7 6
43 42
89 84
47 13
29 11
89 66
84 81
61 59
91 90
87 83
50 9
100 99
47 24
