0:0 2 5 1 4 28 6 7 29 25 
1:1 5 6 0 7 25 2 4 29 28 
2:2 0 7 5 4 1 6 29 28 25 
3:3 18 21 14 17 22 26 10 9 8 16 12 15 11 45 24 33 23 55 52 13 32 46 25 44 47 40 20 53 6 50 27 54 41 42 29 39 37 35 38 43 36 34 19 56 
4:4 28 2 29 0 5 1 6 7 25 
5:5 1 0 2 4 28 6 7 29 25 
6:6 25 1 7 29 5 22 0 2 4 28 
7:7 2 6 0 4 25 1 5 29 28 
8:8 32 45 23 33 43 46 44 26 20 13 40 3 12 42 47 24 18 11 21 9 14 17 39 27 53 41 54 50 22 36 25 29 35 15 10 38 34 37 16 55 6 19 56 
9:9 50 52 20 48 45 49 57 58 51 69 64 65 104 68 85 67 103 
10:10 16 37 35 34 38 55 39 15 19 33 56 
11:11 29 20 22 27 14 3 9 25 54 6 49 52 48 50 18 21 41 58 1 7 57 17 5 51 12 0 23 13 15 10 36 40 47 8 44 16 2 55 4 24 26 33 45 32 42 46 53 43 39 35 37 38 34 19 56 28 
12:12 18 15 44 33 13 9 46 38 39 23 14 24 10 8 3 35 47 40 55 32 11 16 37 50 53 17 26 20 42 34 45 27 21 41 54 36 43 22 19 56 25 29 6 
13:13 44 43 17 42 40 47 35 54 27 39 41 37 36 34 38 12 33 46 24 23 8 32 10 45 26 16 53 15 11 18 3 55 20 9 21 14 50 22 25 19 56 29 6 
14:14 58 3 11 9 25 50 20 52 22 21 12 51 18 27 29 26 17 49 45 24 48 8 47 53 57 40 6 15 13 41 23 54 46 44 42 10 33 32 16 43 36 39 55 35 37 38 34 19 56 
15:15 55 16 10 19 56 
16:16 10 15 55 37 35 34 38 19 39 33 56 
17:17 47 13 42 40 44 36 43 46 24 12 41 53 26 8 45 54 32 33 23 27 39 11 20 35 9 29 38 50 14 3 18 21 37 34 10 22 16 25 15 55 6 19 56 
18:18 3 12 14 15 21 17 9 44 23 13 24 46 33 10 38 8 47 11 16 35 55 32 39 37 50 34 40 26 27 20 45 43 42 54 41 53 36 22 25 19 56 29 6 
19:19 56 55 15 
20:20 49 11 9 53 57 48 24 50 29 14 52 58 26 51 45 22 3 69 25 64 21 8 18 104 65 40 32 6 12 13 23 44 68 41 46 15 10 1 47 27 33 16 17 55 54 42 36 39 19 43 35 56 38 37 34 
21:21 3 23 10 16 18 8 33 37 27 14 55 32 15 19 12 38 35 11 39 44 34 56 54 46 22 17 13 47 40 25 42 41 26 43 36 45 24 9 53 20 50 29 6 
22:22 25 52 6 1 7 5 0 2 4 29 28 
23:23 32 27 33 8 21 54 45 41 43 40 47 26 42 24 13 36 46 12 53 44 17 39 11 9 20 3 14 50 18 35 22 38 10 25 34 37 16 15 55 19 56 29 6 
24:24 53 47 26 9 40 45 20 41 42 54 50 17 27 11 36 13 8 43 29 44 12 23 32 33 46 3 14 18 21 39 35 22 38 10 25 34 37 16 6 15 55 19 56 
25:25 22 6 1 7 5 0 2 4 29 28 
26:26 45 53 24 47 40 42 54 41 17 27 13 36 43 8 44 23 32 12 33 46 39 11 9 20 14 50 35 3 18 21 38 10 34 37 16 15 55 22 25 19 56 29 6 
27:27 54 41 23 36 32 47 40 33 8 42 24 39 17 12 13 26 45 53 43 44 46 38 11 35 20 9 29 37 34 50 14 3 10 21 18 16 15 55 22 25 6 19 56 
28:28 4 2 29 0 5 1 6 7 25 
29:29 4 11 28 6 2 20 22 0 5 25 1 7 
30:30 80 93 79 58 67 77 70 64 66 75 103 52 51 90 50 102 69 65 72 99 91 85 104 92 68 28 74 63 71 78 31 88 98 87 73 82 83 76 89 84 100 86 95 94 101 62 81 60 96 59 97 61 
31:31 78 74 91 82 75 98 79 87 71 92 73 77 76 83 72 30 100 84 80 70 88 89 90 86 66 81 101 97 99 93 96 94 62 61 95 60 102 59 63 28 
32:32 23 8 33 45 21 43 26 42 46 47 13 40 102 44 24 17 12 54 27 53 39 41 3 18 36 11 9 15 20 14 50 35 22 10 38 25 34 37 16 55 19 56 29 6 
33:33 38 39 23 8 12 32 44 46 10 18 35 15 34 37 55 16 13 43 3 36 21 42 17 19 47 40 41 24 54 56 27 26 45 11 53 20 14 9 50 22 25 29 6 
34:34 37 39 35 38 10 33 16 
35:35 44 37 34 38 10 39 16 33 
36:36 41 34 47 37 27 17 46 24 54 40 35 53 23 26 39 38 42 44 12 13 8 33 45 32 43 10 11 16 15 55 3 20 9 21 18 14 50 22 25 19 56 29 6 
37:37 34 35 38 10 39 16 33 
38:38 37 33 35 34 39 10 16 
39:39 34 33 35 38 37 10 16 
40:40 54 42 13 47 45 39 41 44 24 26 27 12 17 36 8 43 23 33 53 46 35 32 38 34 37 10 11 16 15 55 3 20 9 21 18 14 50 22 25 19 56 29 6 
41:41 36 27 9 54 47 50 52 23 40 24 17 51 45 26 42 53 12 20 58 8 11 13 14 46 33 49 3 44 32 22 18 21 43 48 25 39 57 35 29 38 10 34 37 16 6 15 55 19 56 
42:42 43 40 13 44 47 54 39 17 35 27 41 12 24 36 8 38 33 46 53 23 32 26 37 34 45 10 11 16 15 55 3 20 9 21 18 14 50 22 25 19 56 29 6 
43:43 42 56 13 19 44 57 48 40 55 49 35 54 15 20 39 12 27 8 9 41 10 11 47 38 33 37 24 45 17 23 36 46 16 34 26 32 3 53 21 14 18 50 22 25 29 6 
44:44 35 13 12 40 38 39 18 43 15 17 8 10 36 37 32 33 34 42 47 55 3 23 16 21 41 46 24 54 27 26 45 11 53 9 20 14 50 22 19 56 25 29 6 
45:45 26 8 32 40 23 53 43 46 24 42 13 33 47 54 27 12 44 17 41 39 11 18 36 3 20 9 14 21 50 35 38 10 34 22 37 16 25 15 55 19 56 29 6 
46:46 102 95 93 94 
47:47 17 24 36 46 42 40 41 37 27 54 13 26 53 34 35 44 39 43 45 8 12 33 38 23 32 10 11 16 15 55 3 20 9 21 18 14 50 22 25 19 56 29 6 
48:48 57 49 20 
49:49 48 20 57 
50:50 9 52 20 48 45 49 57 58 51 69 64 65 104 68 85 67 103 
51:51 52 69 58 64 65 68 85 104 67 103 
52:52 51 22 58 64 69 50 65 104 68 85 67 103 
53:53 24 26 45 40 47 54 27 42 41 36 17 13 43 44 8 23 32 46 12 33 39 11 20 35 9 29 38 50 14 3 18 21 37 34 10 22 16 25 15 55 6 19 56 
54:54 27 40 41 47 42 36 13 24 17 23 53 43 44 26 12 8 45 32 33 46 11 20 39 9 3 14 50 35 18 21 38 10 34 37 16 15 55 22 25 19 56 29 6 
55:55 19 15 56 
56:56 19 55 15 
57:57 48 49 20 
58:58 52 51 14 50 69 77 64 65 9 68 85 104 67 103 
59:59 60 61 63 62 99 
60:60 59 63 62 99 
61:61 59 86 101 60 63 62 99 100 
62:62 100 59 99 60 63 
63:63 59 60 62 99 
64:64 69 65 51 68 104 58 52 85 67 103 
65:65 85 64 68 69 51 104 58 67 52 103 
66:66 85 100 96 90 93 70 89 86 72 28 80 88 101 30 73 84 97 99 94 79 62 81 83 61 74 82 76 71 87 75 60 91 95 102 98 59 78 31 63 77 92 
67:67 103 104 
68:68 65 71 64 85 81 78 69 51 58 104 7 52 77 67 103 50 
69:69 104 64 51 65 58 52 68 85 67 103 
70:70 90 64 66 72 85 80 88 28 69 89 65 67 51 104 103 58 52 68 50 
71:71 68 81 78 77 7 83 82 76 75 31 30 74 79 87 80 91 98 72 84 73 70 92 90 89 97 88 66 86 96 100 93 94 99 101 62 85 60 102 61 59 95 63 28 
72:72 90 49 80 88 70 91 84 79 76 86 71 75 89 66 30 82 74 101 81 83 100 68 61 31 73 78 77 87 97 98 93 99 96 92 94 95 62 102 60 59 63 28 
73:73 89 94 92 95 98 82 99 71 74 72 84 88 75 87 76 79 78 90 96 91 101 81 31 68 83 97 86 66 100 70 30 61 93 62 77 80 102 60 59 63 28 
74:74 87 78 31 88 79 75 71 91 82 77 83 72 68 76 98 30 92 84 73 89 80 81 100 86 66 97 70 90 96 101 93 94 99 61 95 62 102 60 59 63 28 
75:75 92 78 77 91 83 82 79 76 71 31 30 74 72 80 73 87 84 70 98 90 89 88 81 66 86 97 99 100 93 96 101 28 94 62 60 102 61 59 95 63 
76:76 83 82 86 75 71 72 78 77 84 73 92 68 80 81 61 79 70 30 74 89 101 97 31 100 91 66 88 98 87 90 96 99 93 94 95 62 102 60 59 63 28 
77:77 58 75 19 71 68 78 76 56 83 82 30 52 7 51 92 50 31 74 80 64 65 79 69 91 85 87 72 98 70 73 90 49 84 66 89 88 81 99 100 86 93 97 96 101 62 67 94 60 104 61 59 63 95 102 103 28 
78:78 74 31 75 91 82 87 71 98 79 76 77 83 30 72 68 80 73 84 70 92 90 89 88 81 66 86 97 100 96 93 99 101 94 62 60 102 61 59 95 63 28 
79:79 91 30 100 84 83 101 74 86 98 75 62 72 80 99 82 96 93 89 73 76 66 87 88 31 71 90 60 94 78 70 77 97 92 63 81 59 102 61 95 28 
80:80 30 93 79 67 77 70 4 58 64 66 75 103 28 52 51 90 50 102 2 69 65 72 99 91 0 85 7 104 5 71 68 92 74 78 31 73 82 1 88 76 89 98 84 6 83 87 86 94 100 81 101 96 97 95 61 62 60 59 63 29 
81:81 97 96 
82:82 76 31 75 71 73 83 74 78 77 92 68 72 91 95 79 98 87 88 80 30 84 89 81 70 94 90 86 97 96 100 66 101 99 93 61 62 102 60 59 63 28 
83:83 100 87 76 75 82 71 98 77 79 62 92 91 74 73 30 84 31 72 78 99 89 80 81 101 86 88 66 97 90 60 93 94 96 70 63 59 102 61 95 28 
84:84 101 89 79 81 97 96 72 60 94 82 76 86 73 88 71 75 66 91 100 59 83 74 62 61 92 98 90 30 80 78 70 99 31 87 93 77 63 95 102 28 
85:85 65 68 64 69 51 58 52 104 67 103 
86:86 61 101 100 62 59 60 63 99 
87:87 98 83 74 91 78 100 88 31 75 79 71 92 82 76 73 72 77 84 89 30 80 86 81 70 66 90 101 97 93 96 94 99 61 95 62 102 60 59 63 28 
88:88 89 
89:89 88 
90:90 70 99 72 66 63 62 80 91 88 100 60 89 59 85 93 86 79 84 98 28 30 101 73 61 96 94 74 97 92 95 87 75 81 102 83 82 78 71 76 31 77 
91:91 98 79 31 75 74 78 82 92 87 71 73 72 83 77 76 30 84 100 88 89 80 86 81 70 66 101 97 90 93 99 96 94 62 102 61 95 60 59 63 28 
92:92 75 73 82 89 94 95 83 71 74 98 78 77 31 76 87 88 84 91 68 72 79 81 96 101 100 97 86 66 30 61 80 93 70 90 99 102 62 60 59 63 28 
93:93 102 30 99 66 90 80 70 67 63 86 85 62 94 100 46 73 101 72 60 96 95 89 59 83 84 61 88 97 76 92 82 79 81 103 75 71 74 91 78 31 98 87 77 104 28 
94:94 102 96 101 95 93 46 61 97 86 73 84 81 100 89 66 62 92 99 88 60 59 63 90 72 70 85 28 80 30 79 83 76 74 91 75 82 71 78 31 98 87 77 
95:95 102 61 94 46 59 101 60 93 86 63 99 62 100 
96:96 97 94 81 102 101 84 95 93 86 73 61 89 100 66 88 92 62 99 60 59 63 90 72 70 85 28 80 30 79 83 76 74 91 75 82 71 78 31 98 87 77 
97:97 81 96 
98:98 91 87 74 31 79 78 75 92 82 71 73 72 83 77 76 30 84 100 88 89 80 86 81 70 66 101 97 90 93 99 96 94 62 102 61 95 60 59 63 28 
99:99 63 90 62 60 59 
100:100 62 83 101 66 79 86 84 61 76 30 91 85 96 99 60 93 59 63 97 94 72 90 75 89 82 73 70 88 80 81 74 102 92 71 31 98 87 78 77 95 28 
101:101 86 94 100 61 96 84 62 102 83 97 60 76 95 59 81 73 99 89 63 82 93 66 30 88 80 79 72 74 71 75 87 90 78 70 31 92 91 77 98 28 
102:102 46 93 94 95 96 97 73 92 81 84 89 101 99 86 88 66 63 100 60 61 72 62 59 90 85 70 28 80 30 79 83 76 74 91 75 82 71 78 31 98 87 77 
103:103 67 104 
104:104 103 69 67 64 65 51 68 58 52 85 
