32 8
83 30
78 74
15 3
84 73
52 51
101 86
39 33
29 11
89 86
77 30
73 72
5 1
72 49
89 84
37 35
38 35
66 64
45 9
26 3
101 94
47 41
13 3
10 6
26 24
47 40
14 9
54 41
82 73
23 3
100 83
62 59
60 59
66 30
33 8
49 9
6 1
84 72
22 11
79 72
25 22
9 3
100 79
55 10
91 79
50 9
40 12
78 75
11 10
58 30
69 51
27 11
70 30
101 61
35 8
91 75
57 13
69 65
11 3
71 7
24 12
58 14
78 72
101 84
33 10
87 72
40 13
47 24
24 8
76 31
42 8
73 30
53 24
69 64
40 24
54 27
44 35
6 4
98 73
32 23
86 30
92 72
99 90
76 75
95 73
72 66
97 81
86 61
47 9
35 10
83 75
20 11
26 8
47 13
94 93
17 3
100 73
96 94
40 8
44 8
13 8
82 75
76 30
57 49
90 72
12 10
89 66
30 7
37 34
47 26
13 11
45 8
23 8
85 65
24 9
32 13
58 51
32 12
48 9
63 60
89 88
14 11
18 12
47 33
62 60
47 42
83 76
85 7
52 9
15 12
44 12
56 19
90 70
65 51
93 30
72 71
80 72
76 72
94 73
14 12
68 65
45 40
80 30
16 3
12 11
87 84
54 40
99 63
12 8
18 3
52 22
97 84
13 12
38 33
7 6
83 73
14 3
82 76
84 79
47 17
91 72
40 39
7 5
72 70
82 31
90 66
71 68
75 74
74 71
102 95
69 58
99 60
16 10
19 10
102 46
38 37
82 30
98 91
47 36
57 48
39 12
73 71
40 22
5 0
100 91
100 62
33 12
44 40
30 4
40 26
81 71
4 0
39 34
20 8
97 86
78 31
72 28
75 71
84 30
99 62
93 66
12 9
98 87
22 8
49 31
79 74
39 35
86 84
37 10
100 66
100 86
27 23
31 30
104 69
54 47
14 8
84 76
44 13
64 51
97 96
77 71
79 30
41 36
88 74
49 20
70 64
76 49
49 48
4 2
14 7
2 0
67 30
45 26
99 30
82 71
58 52
92 73
7 2
43 42
29 6
43 13
89 73
43 8
65 64
86 66
85 66
82 72
35 34
25 6
42 40
1 0
41 9
20 9
43 35
74 31
83 71
80 71
100 98
70 66
94 84
88 84
87 74
21 3
46 8
96 84
