3 0
3 1
5 3
10 8
11 9
12 6
15 10
16 15
17 11
19 3
21 11
24 20
25 3
26 14
27 3
27 9
29 13
31 4
33 32
36 12
38 34
38 10
39 10
39 38
40 25
40 27
45 11
47 11
47 12
47 23
48 20
50 11
51 9
53 40
53 20
54 12
54 23
55 12
56 11
56 43
57 20
58 7
63 62
64 52
66 28
67 64
67 65
67 66
68 58
71 70
73 31
74 72
74 66
75 72
75 30
75 31
76 66
76 53
77 31
77 76
84 66
84 62
84 83
85 58
86 73
86 60
86 81
88 66
89 72
93 73
93 86
95 94
95 61
96 73
98 74
99 74
99 66
100 84
104 103
53 26
41 27
67 30
6 0
82 30
89 88
13 8
76 75
82 71
78 71
47 33
71 7
86 72
77 58
28 4
12 9
58 52
22 6
102 94
37 35
86 84
102 93
96 66
37 34
104 69
14 11
58 30
20 11
74 31
101 100
86 76
16 10
92 73
93 66
74 30
87 74
103 67
5 0
89 84
5 1
46 12
15 12
65 64
84 72
38 37
52 9
2 0
18 3
37 10
49 31
44 13
99 62
86 66
42 13
84 81
90 70
40 13
99 84
60 59
84 82
57 48
47 37
47 46
100 86
90 72
47 40
44 35
12 3
39 12
82 76
38 12
80 72
87 83
75 74
40 20
79 74
64 58
45 8
93 30
101 86
74 73
26 3
101 94
84 74
32 8
79 75
55 19
10 6
54 40
33 8
13 12
42 40
70 66
35 10
58 49
17 13
80 30
25 6
58 50
63 59
50 9
40 39
78 74
88 72
52 51
33 23
22 11
100 83
47 41
44 12
91 79
86 30
70 30
55 15
33 12
49 48
38 35
85 66
22 3
84 73
47 26
54 27
20 9
47 24
21 3
98 91
99 93
45 26
58 51
61 59
84 79
72 66
29 4
47 27
99 90
52 22
23 12
58 14
91 31
101 84
77 30
100 66
6 1
96 94
71 68
84 76
53 24
89 73
12 11
18 12
26 8
49 20
41 40
8 3
33 10
10 3
47 42
90 66
84 30
83 76
79 30
97 84
7 6
99 73
77 75
72 49
92 75
76 71
75 71
100 62
11 10
68 65
47 17
69 64
26 24
14 3
84 60
23 8
99 63
29 11
86 61
56 19
94 73
91 72
79 72
85 65
