98 48
25 24
23 0
100 64
50 28
92 75
103 45
14 12
103 37
111 108
39 13
109 45
114 104
83 67
113 76
41 40
84 52
31 18
74 52
71 61
58 36
41 16
78 8
111 7
108 77
83 69
86 44
54 38
95 70
112 92
64 9
55 54
72 10
36 18
99 54
77 73
75 48
58 6
79 35
81 5
79 19
64 32
62 45
105 45
21 7
109 30
85 6
49 32
20 17
33 0
84 3
87 17
58 17
96 76
111 51
26 14
54 18
106 25
79 43
38 28
91 66
92 91
93 41
99 31
40 3
75 20
70 65
39 6
5 3
108 51
57 48
99 89
112 44
42 26
95 27
105 62
107 72
89 1
23 16
108 68
38 16
1 0
75 66
44 30
11 10
76 70
65 20
9 8
73 67
37 36
98 5
96 87
77 7
55 35
70 27
111 21
113 28
93 9
103 102
102 98
93 82
45 1
64 2
97 59
66 65
23 9
57 44
91 57
98 81
38 18
114 58
77 51
99 71
110 67
78 50
97 63
86 53
75 44
42 18
65 17
16 0
92 48
62 17
76 27
16 4
46 21
85 26
96 27
35 30
95 69
96 65
35 34
87 65
75 57
61 43
54 39
51 8
109 89
64 13
73 49
93 80
78 22
106 13
100 39
101 58
87 24
74 3
44 19
79 31
43 42
32 6
42 34
92 66
82 7
54 34
86 66
64 47
64 60
94 80
62 27
18 12
84 74
108 4
21 8
39 32
51 40
71 34
43 36
45 44
68 7
55 31
69 24
84 10
38 12
24 11
83 73
4 0
113 87
55 6
108 7
109 79
114 67
45 25
76 20
61 26
84 83
69 28
104 0
101 29
112 97
101 94
110 80
106 60
61 34
43 31
8 7
104 72
76 62
94 19
47 39
65 56
81 3
83 49
111 78
99 34
113 95
71 14
79 30
78 51
47 6
97 86
69 4
13 12
52 5
102 10
96 48
114 73
106 6
112 66
88 73
6 2
60 2
67 41
88 83
71 31
30 19
55 29
88 69
14 2
53 49
82 74
87 56
101 1
90 0
60 47
34 18
107 98
109 103
61 31
80 79
93 4
54 31
90 5
76 59
105 103
60 13
83 81
94 34
90 23
37 25
90 50
98 40
22 8
68 67
98 97
57 42
94 29
105 1
61 47
27 1
61 54
87 86
104 9
110 49
104 93
95 17
106 32
40 7
110 13
50 24
89 45
60 10
45 37
105 89
72 3
67 46
28 4
112 52
97 58
94 79
43 12
74 72
66 44
110 53
25 1
95 87
114 53
41 4
77 21
85 80
65 27
52 3
90 24
49 48
109 63
100 47
83 46
112 57
114 88
107 102
100 82
77 8
82 77
114 46
90 69
99 18
96 17
95 37
70 69
50 30
114 83
102 3
93 23
91 69
90 28
89 88
43 26
99 14
73 46
112 63
71 18
55 30
76 56
78 23
87 62
41 23
68 22
47 46
17 16
74 2
70 43
47 2
60 15
107 81
30 29
113 59
47 22
111 68
49 46
109 37
108 22
93 0
63 42
68 50
84 81
101 79
99 61
79 55
84 24
106 2
78 7
78 28
42 29
114 110
98 77
51 22
28 11
113 96
94 35
41 9
64 6
45 13
107 88
100 6
17 12
100 99
71 38
98 84
43 14
70 62
77 22
90 11
66 24
32 31
101 19
110 46
85 31
32 13
73 7
9 0
66 59
113 20
28 24
22 7
56 27
73 53
83 53
63 27
100 15
100 32
98 10
48 44
113 70
105 25
11 3
58 3
3 2
106 64
51 21
54 14
15 13
41 8
104 4
89 33
88 49
85 43
106 15
104 87
53 52
72 52
87 20
60 59
100 13
107 10
74 40
101 30
93 91
91 44
112 75
47 15
88 53
107 75
38 26
100 2
98 52
44 35
104 11
111 77
41 0
104 67
71 54
22 9
86 57
97 11
74 10
5 4
52 40
111 23
63 58
36 12
35 29
81 40
110 83
50 11
74 73
102 52
15 14
103 89
102 74
89 37
21 20
47 32
91 48
23 22
69 11
85 14
9 4
79 29
109 1
94 30
82 30
92 15
89 25
82 39
65 63
82 80
95 56
36 19
108 9
38 14
70 56
26 3
13 2
97 5
53 46
72 71
32 15
62 56
102 100
32 21
95 62
86 48
39 38
10 5
76 75
103 1
11 5
102 72
104 16
19 18
45 33
