0:0 33 93 4 9 41 23 16 104 
66:66 75 92 112 44 48 91 57 86 
3:3 26 42 43 14 85 12 38 18 36 31 34 71 54 99 61 
69:69 91 57 48 44 86 66 75 92 112 
6:6 32 106 64 100 13 39 15 60 47 2 
72:72 107 102 10 98 81 84 52 74 3 5 40 
9:9 8 41 23 0 16 93 4 104 90 
75:75 92 48 66 112 44 91 57 86 
12:12 36 18 38 43 14 26 85 42 31 34 71 54 99 61 
78:78 50 28 11 24 90 69 
15:15 60 106 2 47 64 6 32 100 39 13 
81:81 107 5 10 98 84 102 52 3 74 72 40 
18:18 36 12 38 43 14 26 85 42 31 34 71 54 99 61 
84:84 10 98 107 81 5 102 52 3 74 72 40 
21:21 51 8 111 68 7 78 108 22 77 
87:87 20 17 96 113 65 76 95 27 62 56 70 
24:24 50 28 11 90 69 
90:90 5 11 28 50 24 69 4 
27:27 63 65 70 56 95 62 76 113 96 87 20 17 59 
93:93 91 80 82 94 79 29 30 101 35 55 19 44 
30:30 50 28 11 24 90 69 78 
96:96 17 87 113 20 65 76 95 27 62 56 70 
33:33 89 25 105 37 45 103 1 109 
99:99 54 71 14 38 18 34 12 31 61 43 85 26 42 36 
36:36 12 18 38 43 14 26 85 42 31 34 71 54 99 61 
102:102 10 98 107 72 81 84 52 74 3 5 40 
39:39 13 100 32 15 106 64 6 60 47 2 
105:105 25 89 33 37 45 103 1 109 
42:42 63 26 43 14 85 12 38 18 36 31 34 71 54 99 61 
108:108 22 77 111 21 51 68 78 7 8 
45:45 103 1 37 25 105 89 33 109 
111:111 108 68 21 51 77 22 78 7 8 
48:48 96 75 92 66 112 44 91 57 86 
114:114 58 97 59 36 63 112 66 86 44 75 57 48 91 92 42 
51:51 21 8 111 68 7 78 108 22 77 
54:54 38 71 14 99 18 34 12 31 61 43 85 26 42 36 
57:57 42 63 112 44 75 48 66 92 91 86 97 59 
60:60 15 106 2 47 64 6 32 100 39 13 
63:63 42 26 43 14 85 12 38 18 36 31 34 71 54 99 61 
