104 0
114 67
80 79
27 26
81 10
81 72
98 97
96 87
64 2
78 50
53 46
109 89
62 20
54 14
105 62
88 46
52 3
113 59
75 66
43 14
114 46
68 21
100 32
111 46
112 97
30 19
65 27
110 24
111 7
74 73
62 45
54 18
59 58
92 61
27 1
102 10
83 81
94 30
106 2
25 1
63 58
102 98
71 31
69 11
50 30
17 12
108 51
6 2
93 23
4 0
69 50
113 70
95 37
85 31
97 86
74 10
55 31
71 18
41 0
89 1
85 38
107 75
60 39
88 83
80 29
70 43
107 5
104 87
8 7
113 17
101 94
99 14
93 91
71 38
71 34
69 28
79 30
26 14
47 46
93 16
112 91
64 9
94 35
68 51
109 103
106 13
109 1
71 54
65 17
29 19
19 18
98 84
96 48
88 49
109 33
105 103
75 48
75 44
79 29
113 28
110 46
110 88
88 58
114 104
91 80
18 12
28 4
99 89
5 3
68 7
64 6
40 7
68 8
99 71
106 56
96 56
36 19
71 14
107 40
66 48
107 72
101 30
82 80
73 46
51 40
84 81
101 29
92 35
93 0
74 2
14 12
33 1
90 5
36 12
41 23
20 17
114 49
104 16
106 92
78 23
33 0
92 57
40 3
86 57
76 27
101 55
86 80
3 2
79 35
47 2
30 29
51 8
111 51
100 82
78 68
66 65
107 98
45 37
112 66
35 30
55 35
82 74
41 40
67 46
99 31
93 4
105 33
113 87
109 30
31 18
81 5
98 10
102 40
114 83
101 51
17 16
57 56
97 58
43 42
51 21
98 48
9 8
91 86
104 72
95 69
100 6
44 30
77 7
27 17
61 54
114 110
92 75
53 25
45 13
49 46
80 37
15 13
62 56
110 73
92 66
96 17
105 25
111 21
103 33
84 10
25 24
14 2
104 93
95 17
81 3
111 8
63 42
11 3
112 52
101 1
70 69
76 62
60 47
23 0
84 49
86 44
112 75
89 25
97 59
50 24
42 34
78 51
74 40
50 11
105 89
42 29
70 20
67 49
98 40
90 28
43 38
94 19
49 32
94 55
95 70
73 67
55 54
104 41
13 12
100 64
16 4
93 9
35 29
111 108
9 0
9 4
47 39
57 42
45 1
66 59
98 52
95 76
32 13
92 48
43 12
65 0
28 11
102 100
88 69
82 7
37 25
101 35
114 15
111 64
110 13
22 21
109 25
64 60
95 56
70 65
108 22
23 4
91 44
110 67
16 0
59 36
103 102
60 15
95 27
74 3
87 17
87 56
52 40
39 6
103 25
90 69
57 44
58 36
35 34
106 32
81 16
55 29
106 39
84 3
114 73
91 48
34 18
96 76
47 22
73 53
91 66
113 76
104 11
57 48
43 26
83 53
22 7
108 78
58 17
41 16
64 13
89 33
44 19
63 27
45 25
103 45
78 7
106 15
100 39
11 10
35 0
82 77
5 4
42 26
100 13
74 52
21 8
93 80
105 80
36 18
65 63
37 36
107 84
112 63
61 34
36 20
78 22
45 44
87 24
99 85
39 38
98 77
66 24
42 18
38 26
72 71
84 74
85 12
58 3
83 69
76 75
34 26
43 36
111 68
96 27
85 26
38 16
70 27
76 59
77 73
67 16
98 81
83 67
82 29
86 66
47 15
41 4
94 80
100 99
23 16
55 30
83 49
94 82
10 5
23 9
103 70
93 41
113 95
43 31
35 19
77 51
62 61
44 35
79 19
57 1
77 21
38 18
109 79
85 14
84 52
41 9
74 5
50 28
68 22
90 24
90 11
111 78
77 22
33 25
32 31
70 62
41 8
39 32
67 41
106 64
54 38
78 28
94 79
95 87
34 12
91 57
62 27
37 1
32 6
105 37
106 60
69 4
91 29
112 44
70 56
107 81
38 12
81 40
111 77
47 32
113 65
87 65
61 26
61 31
112 92
61 43
102 72
86 48
103 1
114 58
24 11
82 39
114 53
91 69
48 44
39 15
61 47
54 34
76 56
108 4
33 19
34 31
64 63
90 23
53 48
101 58
64 32
114 88
39 13
108 68
26 12
99 61
89 37
102 74
15 14
46 21
66 44
92 15
68 67
111 23
85 80
26 3
79 55
72 3
88 73
60 10
74 72
108 77
37 33
71 61
67 53
87 20
21 7
104 67
87 86
90 8
110 83
55 19
99 54
55 6
60 2
