7 6
15 2
16 9
51 50
60 6
61 18
63 59
68 15
71 60
72 2
72 40
76 66
78 77
82 81
84 5
86 75
88 67
89 55
92 86
96 20
104 23
108 21
109 105
112 96
82 39
51 40
92 75
43 14
103 45
87 65
94 55
106 32
100 13
107 5
110 46
105 80
78 68
45 13
45 33
38 12
53 52
13 12
92 48
102 52
49 48
114 49
110 49
64 9
43 12
110 80
105 25
94 79
104 41
58 36
106 2
84 24
52 5
104 9
8 7
33 0
81 5
38 16
101 35
112 66
87 20
101 29
95 76
100 64
60 39
98 97
11 5
113 17
96 76
83 46
89 33
75 48
98 77
86 80
99 85
111 8
64 47
110 88
73 7
28 4
32 6
108 22
107 72
91 66
99 18
81 3
103 37
4 0
105 89
3 2
87 17
44 30
38 26
69 4
9 0
63 27
88 49
83 53
110 73
85 14
59 58
101 79
35 30
112 63
105 1
93 0
107 102
98 40
54 38
78 50
114 46
57 42
73 53
106 60
104 93
54 39
109 37
71 34
82 30
61 43
98 52
91 57
80 37
37 33
72 71
96 56
93 91
77 22
104 11
39 13
60 15
37 1
25 24
91 48
70 56
62 20
5 4
82 77
82 80
38 28
112 57
105 37
79 19
65 63
104 67
14 12
55 29
102 100
49 32
104 87
92 91
80 79
95 62
53 25
87 24
96 17
101 58
99 54
92 15
93 16
33 25
88 83
76 59
101 1
92 66
84 3
68 21
113 95
41 23
101 30
110 67
97 58
90 0
110 13
71 14
106 64
55 30
112 91
107 88
64 6
112 44
5 3
84 81
85 80
36 18
94 82
65 0
93 82
67 49
75 44
84 52
21 8
83 49
91 80
18 12
28 24
98 10
103 70
73 46
27 1
82 74
66 48
34 31
9 4
74 40
60 59
94 29
55 54
72 52
62 61
104 72
113 87
71 18
75 66
98 84
101 94
106 56
65 20
34 26
41 40
34 18
86 66
74 52
66 44
41 9
22 8
70 43
40 7
82 7
61 47
111 68
48 44
111 21
99 61
65 27
68 51
45 37
92 61
41 8
90 23
106 15
90 8
67 53
100 32
47 2
86 44
103 1
79 30
55 31
63 42
85 6
53 49
17 16
36 12
37 36
23 4
95 56
54 14
41 0
95 37
106 6
23 9
50 30
108 9
96 87
89 37
57 48
64 63
107 98
43 31
30 29
55 6
97 86
58 6
107 10
70 27
87 62
110 24
60 47
32 15
102 74
86 57
111 77
100 82
47 22
43 42
85 43
100 99
91 69
79 55
76 20
102 72
9 8
76 27
84 10
102 3
68 67
31 18
94 34
106 92
23 16
41 16
95 27
97 59
100 15
50 24
57 44
113 65
90 5
45 25
102 98
75 57
89 88
44 35
47 6
83 73
71 54
105 62
89 25
104 4
62 27
53 48
94 30
91 86
68 7
57 56
42 26
51 21
84 83
26 3
62 45
107 81
111 64
52 3
109 63
88 46
88 53
85 31
50 28
83 81
99 71
108 4
99 14
93 4
76 62
68 50
111 78
114 58
89 45
102 10
96 48
111 108
38 14
112 92
112 52
113 96
109 89
26 14
66 24
70 62
47 39
113 76
86 53
28 11
