4 0
5 4
5 3
6 2
7 6
8 7
9 0
11 5
11 3
13 12
14 2
14 12
15 13
15 2
17 12
20 17
21 20
22 7
22 21
22 8
23 22
23 9
23 16
24 11
26 12
26 14
28 11
28 24
29 19
31 18
32 15
32 6
33 1
33 25
34 31
34 26
34 12
34 18
35 34
35 0
35 29
35 19
35 30
36 18
36 20
37 36
37 25
37 33
38 18
38 16
38 26
38 14
38 12
39 38
39 13
39 15
40 7
40 3
41 40
41 8
41 4
41 23
41 9
41 16
42 34
42 26
43 36
43 26
43 38
44 35
44 30
45 44
45 13
45 33
45 25
46 21
47 46
47 22
47 6
47 15
47 2
47 39
47 32
49 32
49 46
51 50
51 40
51 8
52 3
52 40
52 5
53 52
53 25
53 49
54 31
55 54
55 31
55 35
55 29
55 19
55 30
57 1
57 42
57 44
57 48
58 6
58 17
59 36
59 58
60 10
60 6
60 15
61 43
61 47
61 54
61 18
61 26
61 34
62 20
62 45
62 17
62 27
63 42
64 63
64 9
64 32
64 2
64 6
64 47
65 0
65 17
65 63
65 56
66 65
66 59
66 24
66 44
66 48
67 16
67 46
67 53
67 49
68 50
68 21
68 51
68 7
68 22
68 8
69 24
69 28
69 11
70 69
70 43
70 20
70 56
71 60
71 14
71 54
71 38
71 61
72 71
72 10
72 52
73 7
73 49
73 53
73 67
74 72
74 40
75 57
75 44
76 75
76 20
76 56
77 7
77 8
78 28
78 51
79 43
79 30
79 19
79 29
79 35
79 55
81 10
81 72
81 3
82 81
82 74
82 80
82 30
82 29
83 53
83 81
83 69
83 73
83 46
84 83
84 24
84 49
84 52
84 74
84 10
84 81
84 5
84 3
85 6
85 14
85 43
85 80
85 12
85 26
85 31
86 53
86 75
86 80
86 66
87 86
87 62
87 56
87 20
87 65
88 49
88 58
88 69
88 46
88 73
88 67
89 88
89 37
89 33
89 55
90 8
90 23
90 11
90 24
90 28
91 48
91 66
91 69
91 44
91 57
92 35
92 86
92 48
92 57
92 66
92 75
93 16
93 82
93 91
93 9
94 34
94 79
94 30
94 82
94 35
95 76
95 62
95 56
95 27
96 48
96 17
96 27
96 56
96 65
96 20
97 5
97 86
97 58
97 63
98 97
98 77
98 48
98 40
98 10
98 81
99 34
99 14
99 85
99 18
99 31
99 61
99 71
99 14
100 99
100 82
100 13
100 2
100 32
100 64
100 6
101 51
101 30
101 94
101 1
101 58
101 19
101 55
102 100
102 74
102 72
102 40
102 10
102 3
103 102
103 33
103 45
103 25
103 89
103 37
103 1
103 70
104 0
104 67
104 41
104 16
104 23
104 4
104 9
105 103
105 45
105 80
106 56
106 2
106 13
106 32
106 60
106 64
106 15
107 75
107 72
107 81
107 5
107 10
107 84
108 4
108 9
108 78
108 68
109 79
109 30
109 1
109 103
109 105
109 45
109 25
109 89
109 37
110 13
110 80
110 49
110 73
110 83
111 23
111 64
111 78
111 8
111 108
111 68
111 77
112 52
112 57
112 63
112 44
112 92
112 75
112 91
113 28
113 20
113 59
113 17
113 65
113 96
114 83
114 110
114 49
114 46
114 67
114 104
