91 91
92 91
92 92
93 93
94 92
94 93
94 94
95 92
33 32
33 33
34 32
34 33
35 31
35 33
35 35
36 31
36 33
36 35
36 36
37 32
37 33
37 36
38 32
38 34
38 35
39 32
39 35
39 36
39 37
40 31
40 34
40 36
40 39
40 40
41 41
42 42
43 41
43 42
44 44
45 41
45 42
45 45
46 41
46 42
46 45
46 46
47 41
47 44
47 46
48 41
48 42
48 43
48 44
49 41
49 44
49 46
49 47
50 42
50 43
50 46
50 47
50 49
51 51
52 52
53 53
54 54
55 51
55 52
55 54
55 55
56 51
56 53
56 55
56 56
57 55
57 57
58 51
58 54
58 55
58 56
58 57
58 58
59 51
59 52
59 55
59 59
60 57
60 58
61 61
62 62
63 63
64 61
64 64
65 62
65 63
65 64
65 65
67 61
67 63
67 64
67 67
68 62
68 64
68 65
69 61
69 62
69 64
69 65
69 66
69 67
69 69
70 65
70 66
70 67
70 68
1 1
2 1
2 2
3 1
3 2
4 1
4 3
5 1
5 5
6 1
6 3
6 4
6 5
6 6
7 1
7 2
7 4
7 7
8 2
8 5
8 6
8 8
9 3
9 4
9 5
9 6
9 9
10 2
10 3
10 6
10 8
10 9
10 10
98 72
96 89
91 13
97 23
97 39
97 49
92 58
94 64
96 6
72 87
79 17
78 27
72 39
79 46
76 52
79 63
77 5
89 16
88 29
85 38
90 47
83 53
88 63
85 7
18 23
16 36
13 44
15 54
17 68
16 2
26 35
25 42
21 58
22 68
24 1
36 50
34 57
33 64
33 10
41 51
46 66
43 1
53 62
57 4
61 2
95 93
96 96
97 91
97 93
97 94
97 95
98 92
98 94
98 95
98 96
98 98
99 91
99 94
99 95
99 97
100 91
100 92
100 94
100 98
100 99
100 100
71 71
72 71
73 71
75 71
75 73
75 74
76 71
76 72
76 73
76 74
76 75
77 71
77 74
77 77
78 71
78 72
78 74
78 76
78 78
79 71
79 72
79 73
79 74
79 75
79 76
80 71
80 73
80 74
80 75
80 76
80 77
80 78
80 80
82 81
83 81
84 81
84 82
84 83
85 85
86 83
87 85
88 83
88 84
88 86
88 87
88 88
89 82
89 83
89 85
89 86
89 87
89 88
90 81
90 82
90 83
90 84
90 85
90 88
90 90
12 11
13 13
14 11
14 14
15 14
15 15
16 11
17 11
18 12
18 15
18 18
19 13
19 14
19 15
19 16
19 17
19 19
20 13
20 14
20 15
20 16
20 17
20 18
20 19
20 20
22 22
23 23
24 21
24 22
25 21
25 22
26 21
26 22
27 22
27 23
27 24
27 25
27 26
27 27
28 21
28 26
28 28
29 21
29 24
29 25
29 27
30 22
30 24
30 25
30 27
30 28
30 30
32 31
