98 48
71 54
47 6
64 63
113 20
5 4
112 75
111 21
111 68
111 78
70 20
65 17
60 39
80 37
35 34
100 39
92 75
40 3
68 51
38 16
95 62
103 33
82 39
99 34
38 26
78 50
84 83
86 57
47 46
90 0
43 12
7 6
41 8
43 36
83 67
113 70
53 48
70 43
49 48
73 67
51 8
108 77
16 9
87 65
92 57
35 29
92 86
114 88
47 22
68 50
76 66
64 9
74 52
80 79
114 104
90 69
109 45
80 29
78 51
73 49
61 54
96 87
112 92
47 15
42 29
84 52
84 5
87 56
101 29
95 27
54 14
101 94
50 24
114 83
103 102
105 103
41 4
91 66
6 2
107 10
96 17
97 11
81 16
114 53
39 13
96 27
104 41
35 30
89 45
32 13
14 2
87 20
25 1
26 3
94 55
57 48
88 73
106 25
65 20
88 83
60 10
107 81
72 40
68 21
56 27
98 77
108 7
17 12
76 27
106 64
109 63
23 9
100 15
23 22
87 62
85 12
93 0
109 105
53 49
53 46
64 2
89 88
62 61
13 12
75 48
67 49
43 42
94 34
96 20
99 89
110 83
87 24
91 57
34 31
101 51
61 47
45 33
99 71
17 16
68 7
101 35
96 56
100 2
14 12
62 20
93 16
73 7
70 62
67 41
62 27
81 40
78 77
37 36
15 14
74 3
95 70
97 5
59 36
101 79
113 28
114 58
52 40
36 19
51 22
92 61
86 44
54 39
110 80
53 52
42 26
104 23
88 46
91 69
60 2
23 16
111 8
55 29
51 50
61 43
68 67
106 32
103 45
69 50
55 35
93 82
89 1
96 76
57 44
34 18
50 28
41 0
88 49
103 89
81 10
21 7
88 67
94 79
87 86
111 108
94 30
92 66
104 72
40 7
75 57
62 45
32 31
112 63
11 3
28 4
77 22
104 0
113 95
65 63
57 56
102 52
99 54
33 19
100 32
13 2
99 85
31 18
112 44
104 11
47 32
105 89
91 44
102 3
76 20
22 7
85 14
67 53
107 84
25 24
50 30
91 80
108 9
95 87
43 38
65 27
16 0
102 72
76 56
27 1
52 3
78 23
108 78
106 15
102 40
108 21
81 3
84 81
110 67
68 22
37 1
107 40
71 38
82 29
91 29
106 92
21 20
89 25
59 58
66 44
88 53
90 28
23 0
84 10
82 7
109 89
111 7
111 64
42 18
41 9
110 88
98 10
86 66
75 20
71 61
61 31
108 51
97 58
82 74
98 81
106 56
83 53
55 19
95 76
82 81
103 37
90 24
66 24
110 53
55 31
100 47
32 15
72 10
101 30
79 29
63 27
5 3
66 48
38 18
77 7
27 17
83 46
85 80
57 1
106 6
97 86
45 13
78 8
100 64
104 93
81 72
39 38
10 5
23 4
35 0
109 30
77 21
58 17
30 19
105 62
1 0
18 12
43 26
104 67
65 0
100 82
46 21
95 17
73 46
69 28
27 26
108 22
85 26
110 13
102 74
22 21
112 97
99 14
92 15
41 23
50 11
111 51
111 46
114 49
86 53
45 1
72 71
109 103
78 22
63 58
95 69
90 5
70 27
44 30
79 55
16 4
64 13
63 59
22 8
62 56
37 25
103 1
54 38
61 18
105 80
