0:0 90 93 41 23 9 16 104 4 
1:1 33 25 101 89 37 103 105 45 109 
2:2 100 64 13 6 47 106 32 60 39 15 
3:3 11 52 40 81 5 72 74 102 107 98 10 84 
4:4 93 41 23 9 108 16 0 104 
5:5 97 81 84 3 90 107 98 11 10 72 52 74 102 40 
6:6 100 47 39 2 32 15 64 106 60 13 
7:7 40 6 22 108 21 77 78 68 8 111 51 
8:8 90 51 41 22 77 78 108 21 111 68 7 23 9 4 50 0 16 93 104 28 11 69 24 
9:9 41 23 4 16 0 104 93 
10:10 102 98 60 72 74 52 107 40 84 81 3 5 
11:11 50 90 28 24 69 
12:12 85 13 34 38 26 14 43 18 99 54 71 61 31 42 36 
13:13 12 39 106 2 45 32 15 6 64 60 100 47 
14:14 85 54 12 99 71 38 34 18 31 61 26 43 42 36 
15:15 47 68 106 92 2 32 64 6 100 13 60 39 
16:16 17 93 41 38 23 9 4 0 104 
17:17 58 65 95 16 27 96 87 63 56 76 113 70 20 62 59 36 
18:18 42 36 99 31 19 34 61 71 54 43 38 14 26 12 85 
19:19 36 94 101 44 18 35 30 55 79 29 42 43 34 31 61 54 99 71 38 14 12 26 85 
20:20 36 113 75 70 76 65 96 59 66 27 87 56 95 17 62 63 58 112 97 86 44 57 92 48 91 
21:21 51 68 22 108 77 8 78 111 7 
22:22 68 108 77 78 8 21 51 7 111 
23:23 9 4 16 111 0 104 41 93 
24:24 50 90 28 11 69 
25:25 109 103 105 24 1 33 89 45 37 
26:26 27 43 12 34 38 61 85 14 42 18 36 99 54 71 31 
27:27 26 63 17 70 76 65 96 20 95 62 56 113 87 
28:28 113 11 38 78 24 50 90 69 
29:29 55 94 35 101 30 79 19 
30:30 55 94 101 79 29 35 19 
31:31 34 18 61 32 54 99 71 42 14 38 85 12 43 26 36 
32:32 31 100 13 49 6 47 39 2 64 15 106 60 
33:33 89 37 103 105 45 1 109 25 
34:34 12 99 31 18 61 42 71 54 85 26 14 38 43 36 
35:35 55 94 44 79 29 19 30 101 
36:36 59 43 19 18 42 38 12 58 26 63 34 85 14 99 54 71 61 31 
37:37 33 80 105 95 45 1 89 103 25 109 
38:38 54 43 12 28 71 18 14 34 61 36 99 31 85 26 42 
39:39 54 13 6 60 82 106 2 32 100 64 15 47 14 
40:40 52 102 98 41 3 72 74 81 84 10 107 5 
41:41 40 9 4 16 8 23 93 0 104 90 
42:42 57 18 63 34 112 97 36 99 31 75 61 71 54 44 59 86 58 43 92 66 38 14 91 48 12 26 85 
43:43 36 38 61 79 42 26 18 12 34 71 31 54 99 14 85 
44:44 75 19 112 35 86 66 92 57 91 48 97 
45:45 33 109 13 89 37 103 105 1 25 
46:46 88 49 73 114 83 53 67 110 
47:47 64 6 15 2 32 100 106 60 39 13 
48:48 49 98 92 66 57 75 86 112 91 44 97 
49:49 48 73 114 32 46 88 53 67 83 110 
50:50 11 69 24 90 28 
51:51 68 108 78 8 111 21 22 77 7 
52:52 102 40 72 84 3 74 107 81 10 5 98 
53:53 88 86 110 114 83 46 67 73 49 
54:54 14 38 39 99 71 18 85 34 61 31 12 26 43 42 36 
55:55 94 35 30 29 101 79 19 
56:56 96 76 62 95 27 70 87 113 17 65 20 
57:57 42 75 91 56 48 92 86 112 44 66 97 63 
58:58 59 63 97 36 112 
59:59 36 58 63 97 112 
60:60 71 10 64 39 106 13 6 2 47 15 32 100 
61:61 43 71 31 34 99 18 54 26 38 42 14 12 85 36 
62:62 56 70 61 105 95 45 76 27 37 103 87 113 33 109 1 89 25 96 20 17 65 
63:63 97 58 112 65 27 17 59 96 87 76 113 66 20 95 56 70 62 75 86 44 57 92 48 91 
64:64 60 47 106 2 6 15 13 32 39 100 
65:65 63 96 17 87 20 113 27 56 58 76 95 70 62 59 36 
66:66 48 75 112 44 92 57 86 91 97 
67:67 88 68 110 73 16 114 83 53 46 49 
68:68 51 22 15 111 21 108 8 78 7 77 
69:69 50 90 91 95 24 28 11 113 87 70 56 76 62 20 27 96 65 17 66 59 63 112 97 75 86 58 57 44 92 48 
70:70 113 76 62 20 103 27 95 56 96 65 17 87 
71:71 99 60 38 61 14 54 18 85 34 43 31 12 26 42 36 
72:72 107 52 102 10 81 74 40 84 3 98 5 
73:73 49 77 114 83 46 67 53 110 88 
74:74 102 10 72 82 84 3 52 81 107 5 40 98 
75:75 57 112 44 86 66 91 92 48 97 
76:76 96 56 70 20 95 113 62 27 87 65 17 
77:77 98 22 108 73 8 21 7 51 78 111 68 
78:78 28 51 22 108 8 111 68 77 21 7 50 
79:79 43 109 35 101 30 29 94 55 19 
80:80 85 37 110 82 105 93 33 109 25 1 89 103 45 
81:81 107 98 5 72 83 3 84 10 40 52 74 102 
82:82 100 80 93 39 74 29 91 94 6 102 30 79 2 55 101 35 47 19 106 32 13 60 64 15 44 10 72 92 86 57 75 48 66 112 52 3 40 107 81 98 84 5 97 
83:83 81 110 73 114 84 53 49 67 46 88 107 
84:84 107 52 10 98 5 74 81 102 72 3 40 
85:85 14 12 99 80 26 34 38 43 54 71 18 61 31 42 36 
86:86 97 75 44 87 92 112 66 57 48 91 
87:87 96 113 86 65 95 17 56 20 76 27 70 62 
88:88 53 46 67 107 58 49 114 73 83 110 
89:89 33 103 105 45 1 37 25 109 
90:90 11 69 24 50 28 
91:91 57 93 112 69 92 75 66 48 44 86 97 
92:92 48 112 86 91 66 57 75 44 97 
93:93 91 82 4 16 0 41 23 9 104 
94:94 55 19 35 101 30 29 79 
95:95 56 113 17 69 37 87 70 76 62 27 96 65 28 20 
96:96 56 87 76 65 113 20 95 70 27 62 17 
97:97 63 112 58 59 36 
98:98 48 10 40 81 77 84 107 5 52 74 3 72 102 
99:99 85 71 34 18 14 54 31 12 61 38 26 43 42 36 
100:100 6 82 2 32 47 39 64 106 15 60 13 
101:101 58 94 19 30 79 29 55 35 
102:102 52 10 40 72 74 3 107 98 84 81 5 
103:103 33 102 109 25 89 105 45 1 37 
104:104 11 93 41 23 72 9 4 0 16 90 28 69 50 24 
105:105 33 109 80 25 89 37 103 1 45 
106:106 64 13 60 39 15 2 47 32 6 100 
107:107 81 72 84 102 10 98 74 5 52 3 40 
108:108 51 22 77 78 8 21 111 68 7 
109:109 25 79 103 105 45 89 33 1 37 
110:110 80 114 83 53 24 67 46 73 88 49 
111:111 64 51 68 23 108 78 22 21 8 7 77 9 
112:112 97 63 75 44 91 86 57 66 92 48 42 
113:113 28 70 87 20 95 76 62 65 17 96 56 27 
114:114 58 49 110 73 83 53 46 67 88 
