21 8
109 30
75 20
102 74
80 79
36 12
93 82
35 30
112 44
79 55
33 19
77 8
114 83
70 20
47 32
85 14
89 33
98 10
35 0
105 89
22 8
109 25
71 18
28 24
93 4
105 1
106 15
95 62
107 98
91 48
43 12
76 66
26 12
60 47
89 88
35 29
47 15
1 0
107 81
99 14
65 20
85 12
47 22
70 65
92 15
41 4
38 16
106 39
19 18
45 13
110 24
114 67
52 5
105 25
16 4
100 6
75 66
92 91
107 88
112 96
53 49
55 30
65 0
39 6
88 67
69 11
61 47
101 29
54 38
66 24
93 0
101 35
98 84
40 7
13 2
101 58
92 35
68 51
105 103
72 2
114 46
73 46
113 96
97 5
61 34
81 3
113 20
90 0
9 8
91 86
103 33
37 33
110 83
45 37
60 10
79 30
77 51
68 22
98 40
94 34
106 56
104 0
98 48
91 80
64 60
102 100
94 82
78 23
108 7
108 77
103 45
70 62
81 40
106 92
22 21
105 62
95 76
100 47
110 73
4 0
36 19
72 3
60 6
20 17
109 79
68 15
32 21
8 7
76 75
104 93
38 26
53 46
90 11
111 64
68 7
111 8
32 15
23 16
45 25
89 55
103 1
100 82
59 36
25 1
82 29
42 18
114 104
64 47
107 75
96 17
82 7
104 87
93 80
64 13
95 37
70 27
37 1
111 68
56 27
82 39
94 19
9 4
94 35
99 34
93 41
110 80
27 17
114 58
5 3
93 91
39 32
104 23
78 7
97 63
29 19
109 103
102 10
69 24
114 49
96 87
57 42
87 86
76 27
25 24
108 51
47 6
41 16
53 52
113 28
111 108
50 11
108 68
66 65
87 24
111 78
54 18
72 10
107 84
74 3
83 69
106 6
95 56
108 4
16 0
41 8
34 12
58 3
52 3
89 45
24 11
46 21
53 48
68 67
61 54
23 0
95 87
27 1
82 30
90 28
93 9
60 59
36 20
101 1
92 86
88 53
84 83
58 36
110 13
71 34
105 80
72 71
69 4
34 18
109 45
32 31
89 25
106 13
93 23
112 97
110 53
91 57
65 63
99 31
74 52
101 94
86 66
89 37
78 22
54 39
6 2
47 2
112 92
59 58
76 20
102 98
112 52
77 22
82 77
84 5
27 26
30 29
3 2
84 10
38 12
106 2
38 14
74 40
111 77
99 85
90 69
17 16
22 7
49 32
11 3
77 73
110 67
96 20
50 30
78 51
50 24
102 52
112 66
62 17
15 14
109 37
91 44
62 61
81 72
23 4
113 17
62 56
111 23
15 2
58 17
103 37
105 33
96 56
84 74
70 56
111 7
95 27
79 29
113 76
31 18
84 24
90 23
40 3
45 1
67 53
88 58
28 4
38 28
55 35
34 26
104 11
79 31
71 14
90 24
100 13
86 53
77 7
58 6
96 76
114 73
100 2
106 64
16 9
63 58
103 102
67 16
91 69
28 11
74 10
104 72
94 30
68 8
111 51
22 9
78 28
108 78
98 52
90 50
83 46
100 39
110 49
67 49
109 1
70 69
74 5
99 54
111 21
101 30
111 46
64 2
39 15
77 21
45 33
92 61
104 4
33 0
103 89
55 29
109 89
63 42
34 31
61 43
32 6
73 49
