9 0
11 10
11 5
15 13
26 14
33 1
33 25
35 19
36 18
41 40
42 34
43 31
43 14
44 19
44 35
45 44
47 39
48 44
49 46
51 40
51 21
53 25
54 31
54 34
55 54
55 6
60 13
60 15
61 26
64 32
64 6
65 56
66 59
67 46
71 60
71 31
72 52
73 53
74 73
74 2
74 72
75 44
76 59
76 70
76 62
78 68
79 43
79 19
79 35
81 5
82 80
83 81
83 73
83 49
84 49
84 3
85 6
85 38
85 43
85 31
86 75
86 48
86 80
87 17
88 69
90 8
92 48
94 80
94 29
96 48
96 65
97 59
98 97
98 5
99 18
99 61
100 99
101 19
101 55
103 25
103 70
104 16
104 9
105 37
105 45
106 60
107 102
107 72
107 5
109 33
110 46
112 57
112 91
113 59
113 87
113 65
114 110
114 15
93 4
68 51
63 58
96 56
45 37
102 100
38 18
101 29
103 33
68 50
103 89
9 4
93 16
64 47
111 46
95 17
94 19
84 74
57 56
88 46
84 24
89 33
23 0
25 1
36 19
94 55
39 13
27 26
100 32
94 79
38 14
102 72
87 56
110 24
106 13
54 14
92 91
104 11
70 27
108 9
21 7
83 67
111 51
101 1
106 2
74 10
32 13
90 23
54 38
17 12
53 46
13 2
104 67
45 33
101 79
79 31
33 0
70 65
26 12
37 36
62 56
110 88
59 58
77 51
99 34
106 64
86 44
103 1
100 6
60 39
105 25
13 12
95 56
68 15
82 29
61 43
87 65
32 6
99 89
107 84
102 3
81 72
94 30
65 17
55 31
75 66
31 18
14 12
109 105
23 16
109 103
36 20
102 40
114 73
99 85
42 18
97 58
103 102
95 37
32 21
111 8
75 57
89 37
64 60
64 9
99 31
114 67
68 22
92 86
112 44
97 86
78 28
16 4
58 36
88 83
34 18
104 72
85 14
96 87
92 75
95 87
55 19
101 94
65 20
73 7
50 11
23 22
93 0
51 50
98 84
49 48
108 4
82 74
43 26
89 45
70 20
102 10
32 31
36 12
38 16
68 67
54 18
87 86
91 29
30 29
39 6
46 21
108 7
106 39
93 9
42 29
79 30
61 31
47 46
41 4
113 95
43 42
107 88
77 8
104 87
84 5
106 25
15 2
66 65
112 52
108 51
100 2
64 63
78 50
91 66
84 10
78 8
111 108
76 20
39 32
20 17
84 52
62 61
104 41
98 40
63 42
109 25
112 96
66 44
95 76
73 49
38 28
22 21
65 63
37 33
54 39
76 27
81 10
22 9
105 33
74 5
37 1
41 0
43 38
101 51
47 6
47 15
104 0
98 81
106 32
58 6
34 31
60 6
109 45
66 48
41 16
110 80
27 1
60 2
110 53
110 67
34 26
105 80
89 1
103 45
80 37
75 48
90 24
101 58
86 57
28 11
55 29
7 6
86 53
102 74
43 36
74 3
113 20
69 28
108 68
47 2
111 78
112 75
82 30
113 70
108 22
22 8
41 8
67 16
82 77
45 13
104 23
45 1
112 92
114 49
24 11
83 46
64 2
75 20
55 30
65 27
70 62
61 18
85 80
98 77
23 9
71 61
76 66
52 3
92 66
107 81
96 27
34 12
57 48
110 83
