1:
0 
65 
96 
17 
20 
113 
87 
76 
56 
95 
70 
62 
27 
0:0 65 96 17 20 113 87 76 56 95 70 62 27 
1:1 4 104 9 0 41 23 93 16 90 
2:2 4 104 9 23 41 16 93 
1:1 65 0 96 17 20 113 87 76 56 95 70 62 27 
2:2 4 104 9 23 41 16 93 
1:1 103 109 105 33 37 89 25 45 
2:2 100 47 15 13 64 32 106 60 6 39 
0:0 65 96 17 20 113 87 76 56 95 70 62 27 
1:1 103 109 105 45 33 37 25 89 
2:2 100 47 15 13 64 32 106 60 6 39 
0:0 65 96 17 20 113 87 76 56 95 70 62 27 
1:1 103 109 105 33 37 89 25 45 
2:2 100 47 15 13 64 32 106 60 6 39 
1:1 103 109 105 33 37 89 25 45 
2:2 100 47 15 13 64 32 106 60 6 39 
1:1 103 109 105 33 37 89 25 45 
2:2 100 47 15 13 64 32 106 60 6 39 
5:5 11 90 24 28 50 69 4 
6:6 60 39 106 13 64 32 47 2 100 15 
7:7 40 41 8 22 51 21 68 108 111 78 77 23 9 4 
8:8 22 51 21 68 78 77 108 111 7 
9:9 93 41 4 16 23 104 0 90 
