3 2
4 0
5 4
5 3
9 8
9 4
10 5
11 10
11 5
11 3
13 2
14 2
16 0
17 16
17 12
18 12
19 18
20 17
22 9
22 21
22 8
23 4
23 0
24 11
25 24
25 1
26 3
26 12
26 14
27 1
28 24
30 29
32 31
32 21
32 6
33 0
33 19
34 31
35 34
35 0
35 29
36 20
36 19
37 1
37 25
37 33
38 16
38 28
38 26
38 12
39 6
39 32
39 13
40 7
40 3
41 8
41 4
42 34
42 26
43 42
43 31
43 38
43 12
43 14
44 19
44 30
45 33
45 37
45 25
46 21
47 22
47 15
47 2
47 39
47 32
48 44
49 32
50 24
50 11
51 8
51 22
51 21
52 3
52 5
53 25
53 48
53 46
54 31
54 38
54 14
54 34
55 54
55 31
55 6
55 35
55 29
55 19
55 30
56 27
57 56
57 44
57 48
58 3
58 6
58 36
59 58
60 59
60 10
60 39
60 6
60 47
60 13
60 15
61 47
61 54
61 26
62 61
62 20
62 45
62 56
63 58
63 59
64 63
64 32
64 60
64 2
64 13
65 0
65 27
65 17
65 20
66 65
66 59
66 24
66 48
67 16
67 46
67 53
67 49
68 67
68 21
68 7
68 8
69 4
69 24
69 50
70 69
70 43
70 65
70 62
70 27
71 60
71 18
71 34
71 54
71 31
72 71
72 2
72 3
72 40
73 49
73 53
73 67
74 73
74 5
74 10
74 52
74 3
75 20
75 66
75 48
75 57
76 27
76 59
76 20
76 70
76 66
77 73
77 22
77 51
78 77
78 23
78 50
78 28
78 22
78 8
78 68
79 31
79 30
79 35
79 55
80 79
80 37
80 29
81 16
81 5
81 40
81 72
81 3
82 81
82 39
82 77
82 29
82 7
83 53
83 73
83 46
83 67
84 52
84 3
84 74
84 81
84 3
85 14
85 43
85 80
85 26
85 31
86 44
86 57
86 48
86 66
87 86
87 17
87 56
87 20
88 58
88 83
88 46
89 88
89 37
89 25
89 33
90 5
90 23
90 0
90 11
90 69
90 28
91 29
91 48
91 44
91 86
91 80
92 91
92 35
92 86
92 48
92 57
92 61
92 66
92 75
93 0
93 23
93 80
94 19
94 79
94 80
95 70
95 69
95 76
95 62
95 56
95 27
95 17
95 87
95 37
96 48
96 76
96 65
96 20
96 87
97 86
97 59
98 97
98 77
98 48
98 84
98 10
98 52
98 81
99 89
99 34
99 54
99 61
99 71
100 99
100 82
100 13
100 2
100 15
100 32
100 47
100 39
101 51
101 30
101 94
101 79
101 58
101 19
101 35
101 29
102 52
102 98
102 72
102 10
103 102
103 89
103 37
103 1
104 72
104 0
104 93
104 67
104 16
104 87
104 23
104 4
105 89
105 33
105 37
105 45
105 1
105 25
106 25
106 92
106 60
106 64
106 15
106 39
107 88
107 75
107 98
107 102
107 72
107 40
107 10
108 7
108 77
108 21
108 78
108 22
109 30
109 63
109 1
109 33
109 103
109 105
109 89
110 13
110 88
110 46
110 83
110 53
111 23
111 64
111 8
111 21
111 7
111 108
111 77
112 97
112 57
112 66
112 63
112 44
112 91
113 28
113 20
113 95
113 70
113 17
113 87
113 76
114 110
114 53
114 49
114 46
