0:0 23 104 93 16 4 41 9 
1:1 101 89 105 25 45 37 103 109 33 
2:2 14 106 64 47 74 6 60 32 100 39 15 13 
3:3 84 40 81 52 11 5 98 74 10 102 72 107 
4:4 28 93 16 5 41 9 0 23 104 90 11 69 50 24 
5:5 81 52 90 4 3 84 40 28 98 74 11 72 10 107 102 
6:6 100 64 85 32 39 47 13 106 2 60 15 
7:7 82 8 78 111 40 21 51 77 68 22 108 
8:8 21 7 77 51 111 108 22 78 68 
9:9 93 64 8 41 4 104 16 0 23 
10:10 102 11 84 81 98 107 3 5 97 52 72 74 40 
11:11 28 10 50 90 69 24 
12:12 43 17 36 14 38 26 18 16 58 85 71 42 34 99 31 54 61 
13:13 106 45 15 32 39 60 100 47 2 64 6 
14:14 26 2 99 71 12 38 85 43 34 18 31 61 54 36 42 
15:15 60 106 13 32 39 64 47 100 6 2 
16:16 41 4 38 0 17 104 93 23 9 
17:17 20 58 12 65 16 96 87 27 36 113 38 76 70 95 43 62 56 59 26 85 14 63 97 42 18 71 34 99 54 61 31 
18:18 36 54 34 42 99 19 61 71 31 12 43 38 14 26 85 
19:19 30 36 94 44 29 79 35 101 55 80 
20:20 17 75 36 21 62 96 76 87 65 27 58 12 48 113 56 8 112 92 95 70 66 57 63 59 91 86 43 97 44 42 
21:21 8 68 51 111 7 108 22 78 77 
22:22 108 78 68 47 51 7 111 21 8 77 
23:23 41 93 0 90 16 9 4 104 
24:24 25 87 50 110 11 53 90 78 28 67 69 73 114 46 68 83 88 49 
25:25 24 45 105 37 89 1 103 109 33 
26:26 85 14 42 61 43 12 34 38 99 18 71 54 31 36 
27:27 96 95 70 65 63 62 56 76 17 87 113 20 59 
28:28 11 90 113 4 69 50 5 95 70 24 27 76 87 96 56 62 65 17 20 
29:29 101 30 42 35 19 55 94 79 80 
30:30 50 19 44 29 101 35 94 79 55 80 
31:31 71 55 99 61 54 18 34 38 14 26 12 85 43 36 42 
32:32 106 49 13 64 6 15 100 2 60 39 47 
33:33 89 0 105 37 103 1 109 45 25 
34:34 61 18 42 35 94 99 54 71 31 26 19 29 55 79 101 14 38 30 43 12 85 36 80 
35:35 79 94 55 29 34 30 101 19 
36:36 43 18 37 58 12 42 19 97 31 54 59 34 63 61 55 38 99 71 26 14 85 
37:37 45 36 103 25 95 33 105 109 89 1 
38:38 71 16 39 26 12 54 14 18 61 85 43 34 17 31 99 36 42 
39:39 47 100 38 13 6 60 64 15 32 2 106 
40:40 41 3 7 52 51 74 84 8 82 111 72 5 108 78 102 81 77 22 21 98 68 10 107 
41:41 23 40 16 9 4 93 0 104 
42:42 63 57 26 43 85 14 112 12 36 38 18 71 34 54 99 61 31 
43:43 36 12 70 42 26 14 85 18 38 71 34 99 54 61 31 
44:44 30 86 57 19 91 75 48 66 112 92 
45:45 37 25 13 103 62 109 105 89 1 33 
46:46 49 114 67 53 88 73 83 110 
47:47 39 60 22 61 2 6 64 100 106 15 32 13 
48:48 96 92 57 91 75 112 66 86 44 
49:49 46 32 110 73 83 53 114 67 88 
50:50 78 30 11 24 90 28 69 
51:51 108 111 21 8 22 78 7 68 77 
52:52 112 5 40 74 3 84 81 72 102 98 10 107 97 11 
53:53 110 73 83 46 114 67 49 88 
54:54 61 55 18 99 31 34 71 38 14 26 12 85 43 36 42 
55:55 31 54 35 29 79 30 101 94 19 34 18 61 99 71 42 
56:56 62 95 87 27 17 113 76 96 70 65 20 
57:57 42 86 112 48 91 92 44 75 66 63 97 59 
58:58 97 17 36 12 59 20 63 43 65 70 113 42 27 96 76 95 87 56 62 
59:59 97 113 76 66 86 112 58 96 75 63 92 65 48 44 57 91 27 17 20 70 87 95 56 62 
60:60 64 15 47 59 10 39 6 100 2 13 106 32 
61:61 54 34 26 31 18 99 71 55 85 14 38 12 42 43 36 
62:62 56 105 76 87 45 27 96 95 1 70 65 103 113 25 37 17 89 20 109 33 
63:63 42 97 112 65 27 96 70 57 66 58 17 59 76 86 56 48 91 92 113 75 44 20 95 87 62 
64:64 60 100 9 2 6 32 106 47 13 39 15 
65:65 70 66 27 17 63 96 20 76 95 113 87 56 62 59 
66:66 92 65 59 86 24 112 75 91 97 87 63 57 48 44 96 42 76 56 27 113 62 20 17 70 95 58 
67:67 110 73 114 46 68 83 49 53 88 
68:68 21 50 22 108 111 51 7 78 8 77 
69:69 90 88 95 70 28 83 113 50 11 27 114 56 76 65 24 62 46 87 96 17 67 49 20 73 110 53 
70:70 43 65 27 69 113 95 76 17 56 96 87 62 20 
71:71 31 38 72 14 99 54 18 26 85 34 61 12 43 36 42 
72:72 104 107 71 74 81 52 84 3 5 40 98 10 102 11 
73:73 114 67 53 49 46 83 110 88 
74:74 82 84 52 72 40 3 81 98 7 107 5 102 10 77 
75:75 92 20 107 112 57 48 66 91 44 86 
76:76 96 113 59 62 75 27 20 95 70 56 87 65 17 66 
77:77 82 8 108 73 98 7 111 21 22 78 51 68 40 74 52 102 10 3 84 81 72 107 5 
78:78 50 22 7 23 51 77 108 8 111 68 21 
79:79 35 80 109 94 19 55 30 29 101 
80:80 79 85 82 94 35 29 101 30 19 55 
81:81 5 84 3 98 10 72 107 52 102 74 40 
82:82 74 7 77 80 100 39 6 8 40 73 108 78 47 111 13 102 21 51 22 68 64 32 2 46 15 60 106 49 110 67 114 53 83 88 
83:83 114 69 53 49 88 46 73 67 110 
84:84 74 81 3 98 10 5 102 52 40 107 72 
85:85 26 80 6 14 99 100 2 71 12 43 38 61 31 54 34 64 18 47 39 60 36 42 13 32 15 106 55 
86:86 97 57 44 66 53 48 91 75 92 112 59 63 42 
87:87 24 56 62 96 113 95 76 27 17 70 65 20 
88:88 69 107 58 114 83 46 67 73 49 53 110 
89:89 109 99 1 33 105 25 103 45 37 
90:90 28 69 5 50 11 4 24 
91:91 112 57 48 80 92 44 75 66 86 
92:92 48 75 66 112 91 57 44 86 
93:93 23 9 4 0 41 16 104 
94:94 101 35 80 19 34 79 29 30 55 
95:95 27 69 56 37 70 62 96 76 87 65 113 17 20 
96:96 48 76 27 87 65 56 113 17 70 62 95 20 
97:97 58 98 59 86 63 66 36 102 112 10 107 65 48 75 92 91 57 96 44 52 76 42 27 20 17 113 70 95 87 56 62 43 12 
98:98 97 102 84 81 107 52 10 5 3 40 74 72 11 
99:99 89 14 71 31 54 18 34 61 38 55 26 12 85 43 36 42 
100:100 64 6 102 39 82 47 32 60 2 13 106 15 
101:101 94 29 1 30 35 79 19 55 80 
102:102 10 98 107 84 81 72 5 3 74 52 40 
103:103 105 109 37 102 45 25 89 1 33 
104:104 72 0 11 9 93 16 23 4 41 
105:105 103 62 25 89 1 45 109 37 33 
106:106 32 2 13 15 56 60 64 39 47 6 100 
107:107 102 72 88 75 98 10 81 40 52 48 84 3 74 5 
108:108 22 51 111 77 68 21 78 7 8 
109:109 103 89 45 79 30 33 105 37 25 1 19 35 29 101 94 55 80 44 
110:110 67 53 49 24 80 114 46 73 83 88 
111:111 108 51 7 21 68 8 22 78 77 
112:112 63 97 52 57 91 42 86 92 44 58 66 75 48 59 
113:113 76 28 59 95 70 69 27 56 62 96 87 65 90 17 20 24 50 11 66 
114:114 73 67 83 46 88 110 49 53 
