43 14
94 34
70 62
77 22
79 43
84 83
16 0
75 44
90 11
114 73
66 24
106 2
32 31
111 108
52 5
68 67
77 8
101 19
47 39
110 46
105 1
30 19
93 4
84 3
100 6
38 28
1 0
85 31
39 13
32 13
96 27
106 32
30 29
73 7
28 11
110 49
83 46
9 0
78 7
79 19
45 25
66 59
38 16
96 65
95 27
113 20
110 80
28 24
92 91
112 57
22 7
56 27
73 53
79 35
85 6
41 9
95 87
83 53
63 27
100 15
54 18
71 38
100 32
114 46
70 27
70 43
80 79
98 10
48 44
101 1
61 47
113 70
58 6
25 1
105 25
11 3
73 67
58 3
3 2
106 64
51 21
54 14
43 12
15 13
78 22
71 31
64 60
18 12
85 80
41 8
90 0
82 7
36 18
47 46
104 4
110 53
87 65
99 18
89 33
88 49
83 49
85 43
106 13
81 3
100 64
106 15
104 87
63 42
53 52
94 79
85 26
99 89
64 6
114 104
90 69
72 52
107 102
90 28
87 20
44 30
14 2
40 7
60 59
100 99
61 34
100 13
41 4
54 38
107 10
84 74
98 81
74 40
101 30
93 91
75 48
45 37
91 44
112 75
93 23
79 55
93 0
107 88
83 73
47 6
105 62
47 15
73 49
83 69
66 44
92 75
88 53
107 75
38 26
108 51
38 12
100 2
98 52
52 3
111 7
70 65
51 22
55 31
43 36
112 92
61 31
44 35
50 28
104 11
16 4
90 23
111 77
41 0
96 76
104 67
71 54
86 66
22 9
86 57
97 11
57 42
74 10
5 4
55 54
62 27
41 23
52 40
20 17
61 54
111 23
63 58
36 12
110 67
17 16
108 68
102 10
113 95
90 50
35 29
81 40
110 83
87 62
25 24
50 11
74 73
97 86
75 57
102 52
108 77
41 16
109 89
55 6
15 14
103 89
66 65
109 103
102 74
54 31
93 9
96 87
89 37
21 20
104 72
101 29
47 32
114 67
109 45
91 48
41 40
23 22
21 8
69 11
85 14
9 4
23 0
79 29
21 7
109 1
88 69
84 81
94 30
82 30
112 97
92 15
97 58
89 25
114 88
82 39
65 63
82 80
26 14
95 56
92 48
36 19
108 9
58 17
70 69
38 14
99 34
70 56
38 18
26 3
34 18
13 2
8 7
81 5
61 26
91 57
104 9
68 50
108 22
109 79
108 7
54 34
97 5
79 30
53 46
72 71
32 6
32 15
40 3
62 56
55 30
68 22
102 100
32 21
95 62
95 69
87 24
86 48
105 103
82 74
75 20
97 63
92 66
114 83
103 37
67 46
39 38
10 5
49 46
95 37
76 75
103 1
113 28
83 81
11 5
111 51
102 72
45 13
104 16
64 32
113 76
19 18
99 54
94 80
74 72
45 33
104 0
27 26
81 10
81 72
98 97
64 2
78 50
62 20
88 46
113 59
75 66
68 21
111 46
65 27
110 24
62 45
59 58
92 61
27 1
102 98
50 30
17 12
6 2
4 0
69 50
71 18
89 1
85 38
60 39
88 83
80 29
107 5
113 17
101 94
99 14
71 34
69 28
93 16
112 91
64 9
94 35
68 51
65 17
29 19
98 84
96 48
109 33
110 88
88 58
91 80
28 4
