51 4
16 14
15 0
51 29
28 8
47 20
52 40
10 2
59 3
24 14
57 17
61 53
43 29
60 32
24 15
43 37
17 9
40 0
38 14
31 17
24 18
41 1
58 38
57 6
44 20
29 21
49 46
59 15
34 33
29 24
38 16
20 8
51 18
40 33
40 7
30 28
41 13
42 2
33 16
54 13
14 0
57 13
43 38
27 26
13 9
18 15
45 8
50 20
17 1
54 41
41 9
21 18
46 43
47 0
47 42
51 21
37 33
22 17
9 5
25 17
50 16
56 5
45 21
57 9
8 3
27 1
10 0
40 15
36 20
9 6
38 33
20 16
51 11
50 42
40 36
30 7
37 34
59 36
52 38
52 29
47 30
27 7
50 45
20 18
57 39
40 37
44 34
40 14
36 1
13 6
47 10
53 43
13 5
27 17
50 33
50 14
