14 3
17 6
17 13
19 1
28 1
28 20
30 19
32 9
34 14
36 23
37 14
38 20
39 36
42 30
44 2
45 23
45 24
45 37
51 24
54 6
54 7
54 19
55 51
56 6
57 48
61 2
47 30
29 18
40 14
32 13
57 6
43 29
47 42
45 29
20 18
21 18
51 4
43 37
14 0
10 0
25 17
50 45
51 29
30 28
49 34
59 15
55 15
33 12
33 14
44 38
54 1
50 16
24 14
57 39
41 13
27 7
37 8
59 3
50 42
58 38
50 14
38 14
26 25
57 54
9 5
45 15
16 14
15 0
61 37
24 15
26 1
40 36
34 33
36 1
27 26
9 6
57 13
13 5
8 3
59 8
56 5
43 33
51 23
49 46
41 9
51 21
50 20
37 33
51 18
51 11
52 38
47 28
46 43
31 17
45 21
20 16
