18 8
18 11
18 13
18 15
18 18
19 2
19 3
19 5
19 7
19 8
19 9
19 10
19 11
19 12
19 14
19 16
19 17
20 1
20 3
20 6
20 7
20 8
20 9
20 12
20 13
20 17
21 2
21 5
21 9
21 10
21 11
21 16
21 17
21 18
21 21
22 1
22 3
22 4
22 5
22 6
22 7
22 11
22 15
22 16
22 20
22 21
23 2
23 3
23 5
23 8
23 11
23 12
23 13
23 14
23 16
23 19
23 20
23 21
92 91
92 92
94 91
95 92
95 93
95 94
97 96
98 96
98 97
99 99
100 100
1 1
2 2
3 1
3 3
4 2
4 3
5 2
5 3
5 5
6 3
6 5
6 6
8 2
8 8
9 2
9 3
9 4
9 5
9 8
10 1
10 3
10 4
10 6
10 8
11 2
11 4
11 5
11 7
24 1
24 2
24 7
24 10
24 11
24 13
24 16
24 17
24 19
24 24
25 4
25 6
25 7
25 8
25 9
25 11
25 12
25 14
25 17
25 18
25 21
25 25
26 3
26 6
26 7
26 8
26 10
26 12
26 13
26 16
26 18
26 20
26 21
26 22
26 23
27 3
27 5
27 6
27 8
27 10
27 12
27 14
27 19
27 20
27 22
27 23
27 25
28 2
28 3
28 5
28 6
28 8
28 9
28 10
28 11
28 13
28 14
28 15
28 16
28 17
28 18
28 21
78 76
78 77
79 76
79 77
79 79
80 78
80 80
92 96
95 99
91 6
92 6
93 40
92 54
91 85
94 87
92 73
92 79
97 100
96 9
98 49
98 65
96 85
98 87
97 75
97 79
100 18
99 33
99 54
100 84
100 87
100 71
100 79
9 33
5 46
24 42
14 46
18 34
27 48
15 49
19 63
10 52
16 55
3 65
18 57
11 85
16 83
29 86
26 89
5 66
27 73
29 73
18 72
2 76
4 76
41 62
40 61
44 63
33 53
37 82
38 86
32 72
49 66
50 69
38 80
64 83
53 86
57 75
57 74
54 77
84 86
81 71
81 76
88 73
90 79
67 77
55 54
55 55
56 52
56 54
56 55
57 51
57 52
57 53
57 54
57 56
57 57
58 51
58 52
58 54
58 55
58 56
58 57
59 51
59 52
59 57
59 59
60 51
60 52
60 55
60 56
60 58
60 59
61 52
61 53
61 55
61 56
62 52
62 53
62 54
62 55
62 56
62 57
62 59
62 60
62 61
63 51
63 53
63 56
63 57
63 62
64 51
64 52
64 55
64 58
64 59
65 54
65 58
65 62
65 63
65 64
81 81
82 82
83 81
83 82
84 82
84 84
85 81
85 82
85 84
85 85
87 86
88 86
88 88
89 88
89 89
90 88
90 89
67 67
69 66
69 68
69 69
70 66
70 67
70 68
70 70
71 66
71 68
71 69
72 67
72 70
72 71
73 66
73 72
74 66
74 70
74 71
74 72
74 73
75 67
75 73
75 75
76 76
77 76
28 24
28 26
29 1
29 2
29 3
29 4
29 7
29 8
29 10
29 11
29 13
29 17
29 19
29 23
29 25
29 26
29 28
29 29
30 3
30 4
30 6
30 7
30 10
30 11
30 12
30 14
30 17
30 18
30 19
30 23
30 24
30 26
30 30
32 32
33 31
34 31
34 33
34 34
35 32
35 33
36 34
36 36
37 32
37 33
37 34
37 35
37 36
38 32
38 33
38 35
38 36
39 33
39 34
39 35
39 38
40 31
40 32
40 34
40 35
40 36
40 37
40 38
40 40
41 31
41 32
41 33
41 35
42 32
42 33
42 34
42 36
42 37
11 8
11 9
11 11
12 2
12 4
12 9
12 10
13 2
13 3
13 4
13 5
13 6
13 9
13 10
13 11
14 1
14 7
14 8
14 9
14 10
14 13
15 1
15 2
15 3
15 4
15 5
15 6
15 7
15 10
15 11
15 12
15 13
15 14
16 1
16 3
16 4
16 7
16 8
16 9
16 10
16 11
16 14
17 1
17 2
17 5
17 7
17 16
18 2
18 3
18 5
18 6
42 39
42 40
42 41
42 42
43 31
43 32
43 34
43 35
43 36
43 38
43 39
43 40
43 41
44 31
44 33
44 34
44 40
44 44
45 31
45 32
45 35
45 36
45 38
45 40
45 41
45 44
46 31
46 32
46 34
46 36
46 37
46 40
46 41
46 44
46 45
47 32
47 33
47 34
47 35
47 36
47 38
47 41
47 42
47 43
47 44
47 45
48 31
48 33
48 35
48 36
48 38
48 39
48 42
48 45
48 46
48 48
49 32
49 33
49 37
49 39
49 40
49 45
49 48
50 32
50 35
50 36
50 39
50 41
50 42
50 43
50 44
50 45
50 49
50 50
53 53
54 53
55 51
55 52
