92 91
92 92
93 91
93 92
94 92
94 93
94 94
22 14
22 15
22 20
22 22
23 6
23 10
23 13
23 14
23 15
23 17
23 19
23 20
24 1
24 2
24 3
24 4
24 6
24 8
24 9
24 10
24 11
24 14
24 15
24 18
24 19
24 20
24 22
24 23
25 1
25 3
25 4
25 12
25 16
25 18
25 20
25 21
25 22
25 23
25 24
84 77
87 67
86 80
73 80
29 7
29 8
29 9
29 12
29 14
29 15
29 17
29 18
29 19
29 20
29 21
29 24
29 26
29 29
30 1
30 4
30 5
30 6
30 7
30 11
30 16
30 17
30 19
30 21
30 22
30 24
30 25
30 26
30 28
31 31
32 32
33 31
33 32
33 33
34 31
34 32
34 33
34 34
35 32
35 33
36 33
96 96
98 98
99 99
2 2
3 2
4 2
4 4
5 1
5 3
5 4
5 5
6 1
6 2
6 5
6 6
7 1
7 7
8 1
8 2
8 3
9 4
9 5
9 6
9 8
9 9
10 4
10 5
10 7
10 8
10 9
10 10
11 1
26 1
26 2
26 3
26 4
26 5
26 6
26 7
26 10
26 13
26 14
26 15
26 18
26 22
27 1
27 4
27 6
27 8
27 9
27 11
27 12
27 13
27 14
27 17
27 18
27 19
27 21
27 23
27 24
27 26
28 7
28 10
28 13
28 14
28 19
28 25
28 27
28 28
29 1
29 4
29 5
69 69
70 68
71 66
71 68
71 69
71 71
72 67
72 68
72 69
72 70
72 72
73 67
73 69
73 70
74 66
74 70
75 66
75 69
75 71
75 75
77 76
78 76
79 76
79 78
79 79
80 77
80 78
92 96
93 99
95 10
92 4
91 33
91 61
94 85
95 89
92 75
95 77
96 99
96 18
97 44
98 57
11 8
11 10
12 1
12 11
13 6
13 7
13 8
13 12
13 13
14 3
14 9
14 10
14 13
15 5
15 6
15 7
15 9
15 11
15 13
15 15
16 1
16 3
16 5
16 6
16 7
16 8
16 11
16 14
16 15
16 16
17 3
17 7
17 8
17 11
17 13
17 14
18 4
49 41
49 42
49 44
49 47
49 48
49 49
50 34
50 35
50 36
50 38
50 39
50 41
50 43
50 50
52 51
52 52
53 51
53 53
54 52
54 53
55 54
55 55
56 51
56 56
57 56
57 57
58 51
58 52
58 53
58 54
58 55
58 56
58 57
59 52
59 54
59 55
59 57
59 59
60 51
60 53
60 56
98 82
97 89
96 67
98 76
99 13
99 49
99 58
100 84
99 86
99 67
99 78
21 47
23 48
11 47
18 42
16 34
2 50
11 40
29 58
3 62
15 56
21 59
4 56
27 81
2 81
1 89
1 87
28 75
11 75
26 67
11 72
15 80
2 79
41 61
50 53
33 57
35 59
33 83
39 87
32 72
33 70
50 74
46 79
55 82
58 87
58 71
55 71
65 80
82 86
82 68
60 60
61 51
61 54
61 58
62 51
62 53
62 56
62 58
62 60
63 52
63 58
63 59
63 60
63 61
63 63
64 52
64 63
64 64
65 53
65 55
65 59
65 60
65 61
65 62
65 64
82 81
82 82
83 81
84 81
84 84
85 81
85 83
85 84
85 85
86 86
88 86
88 88
89 86
89 87
89 89
90 87
69 68
36 35
36 36
37 33
37 36
37 37
38 31
38 32
38 33
38 34
38 35
38 36
38 37
38 38
39 31
39 33
39 34
39 37
39 38
39 39
40 32
40 33
40 37
40 39
41 32
41 33
41 37
41 41
42 32
42 35
42 36
42 37
42 39
42 41
42 42
43 33
43 34
43 37
43 38
43 40
44 31
44 32
44 33
44 35
44 36
44 38
44 39
44 40
44 41
45 32
45 35
45 37
45 38
45 40
45 42
45 43
45 44
46 33
46 34
46 35
46 36
46 37
46 38
46 40
46 41
46 45
46 46
47 31
47 35
47 38
47 40
47 43
47 45
47 46
48 33
48 36
48 38
48 41
48 42
48 46
48 48
49 31
49 35
49 36
49 37
18 5
18 7
18 9
18 10
18 15
18 16
18 17
19 1
19 3
19 11
19 14
19 17
20 2
20 3
20 4
20 9
20 14
20 15
20 20
21 1
21 3
21 5
21 6
21 8
21 11
21 13
21 14
21 15
21 19
21 20
22 1
22 2
22 3
22 5
22 6
22 7
22 9
