91 91
93 91
48 42
48 45
48 46
48 48
49 31
49 33
49 40
49 41
49 46
49 48
50 36
50 38
50 39
50 42
50 45
50 46
50 47
50 48
50 49
51 51
52 51
52 52
53 53
54 51
54 52
55 51
30 19
30 23
30 25
30 29
30 30
31 31
32 32
33 31
33 33
34 33
34 34
35 35
36 34
36 36
37 33
37 34
37 35
37 36
37 37
38 34
38 35
38 38
39 32
39 38
39 39
5 2
5 3
6 3
6 5
7 4
7 5
7 6
7 7
8 5
8 6
8 8
9 2
9 5
9 6
9 7
9 8
9 9
10 1
8 86
4 72
27 73
26 72
27 71
26 76
9 79
31 56
39 57
34 65
39 58
43 82
46 89
49 66
36 67
39 73
47 77
55 85
58 87
61 69
54 75
51 79
82 87
81 68
82 79
90 70
88 76
67 77
93 93
94 91
94 92
97 96
97 97
99 99
100 99
12 5
12 8
12 10
12 11
13 1
13 4
13 7
13 8
13 9
13 10
13 11
13 12
21 10
21 14
21 16
21 17
21 18
21 19
21 20
21 21
22 4
22 5
22 7
22 8
22 9
22 10
22 14
22 17
22 18
22 19
83 83
84 82
85 81
85 83
85 84
85 85
87 87
88 86
88 87
88 88
89 87
89 88
90 86
90 88
90 90
67 66
67 67
68 66
69 66
69 68
70 66
70 70
71 67
71 69
72 66
55 52
55 53
56 51
56 53
56 54
56 55
56 56
57 52
57 53
57 55
57 57
58 54
58 55
58 56
58 58
59 51
59 52
59 54
59 56
60 53
60 54
60 55
60 56
60 60
61 52
61 53
61 54
61 55
27 22
27 23
28 3
28 4
28 6
28 8
28 9
28 10
28 11
28 12
28 16
28 17
28 18
28 19
28 21
28 26
28 27
29 1
29 2
29 3
29 5
29 6
29 7
29 12
100 100
1 1
3 1
3 2
3 3
4 4
5 1
22 20
23 1
23 3
23 4
23 5
23 6
23 7
23 10
23 11
23 13
23 14
23 16
23 17
23 19
23 20
23 23
24 3
24 4
17 16
18 2
18 4
18 5
18 10
18 11
18 12
18 14
18 17
18 18
19 5
19 8
19 9
19 10
19 11
19 17
29 16
29 17
29 18
29 19
29 20
29 22
29 24
29 27
29 28
29 29
30 2
30 3
30 4
30 5
30 6
30 7
30 8
30 11
30 12
30 13
30 14
30 16
30 17
30 18
19 18
19 19
20 2
20 5
20 6
20 8
20 9
20 10
20 11
20 15
20 18
20 19
20 20
21 2
21 4
21 6
21 7
21 9
92 88
95 67
95 78
98 99
98 14
97 43
96 59
96 85
96 89
96 73
98 76
99 27
99 39
100 64
99 83
100 89
100 73
99 77
9 42
9 49
26 31
13 39
20 35
11 43
21 34
30 52
19 53
2 65
10 60
15 62
18 81
26 83
2 88
72 67
73 70
73 73
74 67
74 71
74 73
74 74
75 66
75 70
75 71
75 73
75 75
78 76
78 77
78 78
79 76
79 79
80 76
80 77
80 79
80 80
95 98
95 99
94 7
95 13
93 46
92 56
94 81
13 13
14 1
14 2
14 8
14 10
14 14
15 1
15 2
15 3
15 8
15 9
15 11
15 13
40 31
40 36
40 39
40 40
41 31
41 33
41 34
41 36
41 39
41 40
41 41
42 33
42 35
42 40
42 42
43 31
43 33
43 34
43 36
43 39
43 42
44 32
44 33
44 35
44 37
44 39
44 40
61 56
61 57
61 60
61 61
62 53
62 54
62 56
62 57
62 58
62 59
62 62
63 52
63 53
63 54
63 56
63 58
63 60
63 61
64 56
64 57
64 63
65 51
65 52
65 59
65 62
65 63
65 64
65 65
83 81
15 15
16 3
16 4
16 5
16 7
16 8
16 11
16 13
16 16
17 1
17 3
17 5
17 6
17 8
24 5
24 7
24 9
24 11
24 16
24 18
24 20
24 21
24 22
24 24
25 5
25 6
25 12
25 14
25 18
25 21
25 22
25 25
26 1
26 2
26 4
26 5
26 6
26 7
26 9
26 10
26 11
26 12
26 14
26 18
26 22
27 1
27 3
27 5
27 6
27 7
27 8
27 10
27 11
27 12
27 14
27 17
27 21
44 43
44 44
45 31
45 32
45 33
45 34
45 36
45 37
45 44
46 35
46 36
46 39
46 42
46 43
46 45
46 46
47 33
47 35
47 40
47 42
47 44
47 47
48 32
48 33
48 36
48 39
48 40
48 41
10 4
10 5
10 6
10 7
10 8
11 5
11 6
11 7
11 8
11 10
11 11
12 4
