1 8 9 14 85 
3 4 5 27 
2 3 4 7 45 97 
2 3 4 6 8 9 
2 5 6 7 9 34 
4 5 7 10 
3 5 6 8 9 71 
1 4 7 8 10 53 
1 4 5 7 61 
6 8 10 
14 15 16 17 20 
12 13 15 16 17 20 42 53 95 
12 13 14 17 18 20 
1 11 13 14 15 17 18 38 68 
11 12 14 16 17 21 78 
11 12 15 16 17 18 19 
11 12 13 14 15 16 20 
13 14 16 19 
16 18 
11 12 13 17 20 83 
15 21 23 24 25 96 
22 23 26 27 28 30 82 
21 22 24 27 28 29 
21 23 27 29 
21 30 
22 26 27 37 54 76 
2 22 23 24 26 28 29 30 
22 23 27 
23 24 27 29 30 66 
22 25 27 29 46 
31 33 37 38 39 40 
34 35 36 37 39 41 
31 35 36 38 
5 32 34 35 36 37 39 
32 33 34 38 
32 33 34 36 38 40 79 
26 31 32 34 39 90 
14 31 33 35 36 38 40 
31 32 34 37 39 40 
31 36 38 39 59 67 98 
32 43 44 45 47 48 63 
12 42 43 49 
41 42 43 44 50 
41 43 44 45 49 50 76 90 
3 41 44 45 47 50 
30 47 
41 45 46 48 
41 47 48 49 56 
42 44 48 98 
43 44 45 
51 53 54 57 58 59 
52 54 55 57 77 
8 12 51 55 57 
26 51 52 54 57 58 59 60 
52 53 55 59 60 
48 56 57 58 
51 52 53 54 56 59 60 91 
51 54 56 58 59 60 85 
40 51 54 55 57 58 68 
54 55 57 58 
9 62 64 65 67 92 
61 64 65 66 81 
41 63 65 68 69 
61 62 64 66 68 70 
61 62 63 69 80 
29 62 64 68 69 70 
40 61 67 68 69 70 
14 59 63 64 66 67 69 
63 65 66 67 68 69 70 
64 66 67 69 70 
7 72 76 77 79 80 86 
71 73 75 76 78 80 
72 74 75 77 78 80 94 
73 74 78 80 
72 73 75 76 77 78 80 
26 44 71 72 75 78 80 
52 71 73 75 77 79 80 
15 72 73 74 75 76 80 
36 71 77 
65 71 72 73 74 75 76 77 78 80 
62 81 82 83 84 85 87 89 90 
22 81 84 
20 81 85 
81 82 86 89 
1 58 81 83 86 87 88 96 
71 84 85 87 90 
81 85 86 88 89 90 
85 87 88 89 
81 84 87 88 89 
37 44 81 86 87 
57 95 96 97 98 99 
61 92 95 96 98 99 
93 95 96 97 98 99 100 
73 95 96 98 100 
12 91 92 93 94 97 99 100 
21 85 91 92 93 94 97 98 100 
3 91 93 95 96 99 
40 49 91 92 93 94 96 
91 92 93 95 97 99 
93 94 95 96 100 
