98 48
109 63
79 30
114 110
106 32
114 53
50 28
26 3
99 89
112 52
14 12
95 70
106 92
22 7
71 34
65 20
114 67
85 38
77 21
21 20
86 66
106 56
51 50
39 13
112 75
51 8
89 45
89 1
53 49
105 62
94 35
102 72
35 30
33 25
15 13
111 23
55 29
84 81
38 26
21 8
37 36
22 21
76 20
76 62
54 38
101 29
100 6
65 0
97 59
108 9
72 40
41 16
40 7
42 18
85 43
32 21
41 8
91 29
82 30
14 2
84 3
88 83
78 68
109 33
17 16
70 43
102 10
63 59
93 0
98 84
96 48
82 7
1 0
66 44
90 69
43 36
78 51
109 45
58 6
98 52
55 30
92 91
103 1
83 53
16 4
33 19
87 17
69 50
106 39
82 80
109 30
108 4
61 54
68 50
71 61
107 72
55 19
63 58
109 103
92 86
24 11
48 44
62 17
114 83
112 44
84 10
11 10
87 20
113 76
54 18
32 13
50 30
85 6
85 12
70 20
89 25
103 45
73 7
64 13
93 4
70 69
94 34
104 67
114 46
47 22
62 56
9 0
96 76
61 31
26 12
53 46
35 29
79 55
82 77
85 14
99 34
74 2
35 19
81 72
49 46
38 28
93 41
99 31
27 26
90 11
64 47
76 75
78 7
3 2
5 4
13 12
76 56
99 18
110 53
70 65
79 43
108 77
9 8
69 24
60 15
72 2
112 96
79 19
16 9
68 21
114 88
97 11
85 26
39 15
94 19
28 11
114 73
62 45
15 2
103 25
45 1
104 23
92 57
55 35
32 6
107 98
54 34
51 21
22 9
64 32
103 70
75 66
34 26
81 16
71 60
106 64
16 0
114 15
58 17
60 13
93 9
34 12
113 65
93 23
61 47
25 1
98 10
76 27
94 79
65 63
87 56
41 23
103 89
53 48
23 0
83 81
81 5
36 18
60 59
86 53
101 58
101 19
66 65
84 24
91 69
104 0
86 44
111 7
110 49
34 31
100 15
88 69
44 19
27 1
107 88
56 27
86 80
91 86
91 44
36 20
60 47
71 14
41 9
78 8
106 15
35 0
104 87
106 13
51 40
110 67
70 27
66 24
58 3
65 17
47 6
61 26
23 22
87 62
92 15
49 32
68 51
95 37
102 74
45 33
39 38
19 18
60 6
93 82
42 34
82 81
105 80
90 24
81 40
57 42
98 5
83 46
61 43
95 69
84 74
113 87
107 10
87 86
72 52
109 105
110 46
88 46
50 24
65 27
68 8
71 18
86 57
99 61
97 58
25 24
78 77
57 1
94 29
111 51
108 68
100 39
74 5
13 2
103 37
88 53
113 95
21 7
89 88
93 80
52 40
44 30
31 18
107 5
42 26
53 52
112 66
79 31
55 31
73 46
41 4
88 49
60 10
111 8
96 65
96 27
74 72
113 20
104 4
30 29
27 17
83 67
51 22
52 5
28 4
105 33
61 34
78 28
45 44
38 18
89 37
101 55
77 8
59 58
69 4
108 51
54 14
47 39
52 3
87 24
66 48
64 9
59 36
92 48
109 1
101 1
90 50
84 52
46 21
105 37
39 32
109 25
33 0
110 73
106 6
96 17
77 22
44 35
112 57
110 24
47 15
35 34
77 51
110 80
38 16
78 50
45 37
110 83
107 75
68 67
92 35
43 31
49 48
82 39
95 27
32 15
106 2
64 2
63 42
95 17
20 17
110 88
43 38
104 93
11 5
45 25
83 49
75 44
92 66
108 21
62 20
90 28
57 44
72 3
74 40
94 55
93 91
18 12
77 73
42 29
90 23
72 71
100 82
26 14
9 4
101 94
60 39
107 40
47 46
11 3
108 7
111 64
111 46
101 30
32 31
38 14
67 16
23 9
60 2
76 70
101 79
68 15
100 99
84 49
23 16
78 23
53 25
104 72
78 22
39 6
7 6
30 19
41 40
109 79
40 3
47 32
105 1
63 27
107 81
17 12
15 14
64 63
106 60
74 52
112 92
69 28
57 48
34 18
33 1
94 30
91 48
112 63
61 18
80 79
111 78
73 49
114 58
99 85
100 2
113 70
113 96
84 5
67 53
8 7
95 76
4 0
85 31
96 87
99 71
101 51
101 35
64 6
84 83
67 46
43 42
81 3
71 38
90 8
67 49
103 102
69 11
102 100
36 12
37 33
64 60
110 13
68 22
62 61
