0:0 33 1 109 105 45 25 89 103 37 
66:66 112 92 75 44 86 57 48 91 
3:3 11 5 52 84 98 10 74 102 72 107 40 81 
69:69 28 50 90 11 24 
6:6 106 64 32 13 39 60 47 15 100 2 
72:72 74 2 3 40 52 102 81 5 107 84 98 10 11 
9:9 8 41 23 93 4 16 0 104 90 
75:75 107 10 72 40 81 102 74 3 52 5 84 98 11 
12:12 36 18 34 42 43 38 26 85 31 61 71 99 54 14 
78:78 68 51 108 22 21 77 7 8 111 
15:15 100 39 47 32 13 106 6 60 64 2 
81:81 82 93 80 16 4 41 23 0 9 104 67 
18:18 36 12 34 42 43 38 26 85 31 61 71 99 54 14 
84:84 98 52 5 74 3 102 10 72 107 40 81 11 
21:21 68 51 108 22 78 77 7 8 111 
87:87 56 62 95 76 113 70 20 96 65 27 17 
24:24 11 69 28 50 90 
90:90 28 50 69 11 24 
27:27 17 65 96 113 20 87 62 56 76 70 95 
93:93 41 4 23 16 0 9 104 
30:30 94 101 79 55 19 29 35 80 
96:96 48 57 112 44 66 75 92 86 91 
33:33 109 1 105 45 25 89 103 37 
99:99 71 61 54 34 18 31 42 26 14 12 85 38 43 36 
36:36 37 105 80 45 89 103 25 1 109 33 
102:102 103 45 89 25 37 105 1 109 33 
39:39 13 32 100 15 47 106 6 60 64 2 
105:105 37 80 45 89 103 25 1 109 33 
42:42 29 35 30 94 101 55 79 19 80 
108:108 4 41 93 23 9 16 0 104 
45:45 103 89 25 37 105 1 109 33 
111:111 64 63 109 33 1 105 45 25 89 103 37 
48:48 57 91 44 86 66 92 75 112 
114:114 67 83 53 88 49 46 110 73 
51:51 108 68 78 22 21 77 7 8 111 
54:54 61 99 71 34 18 31 42 26 14 12 85 38 43 36 
57:57 112 44 75 86 66 92 48 91 
60:60 10 107 72 40 81 102 74 3 52 5 84 98 11 2 
63:63 109 33 1 105 45 25 89 103 37 
