72 71
114 46
68 8
11 10
94 35
15 14
107 40
92 61
110 80
68 67
109 1
81 5
103 70
43 31
11 5
91 69
91 80
101 79
108 21
107 81
81 10
86 57
93 91
87 17
65 63
110 53
72 40
66 44
79 35
65 27
26 12
94 29
66 59
113 95
89 1
42 18
65 20
83 53
16 9
106 15
106 60
79 29
77 8
99 14
110 88
64 2
114 15
94 79
85 12
89 55
60 15
67 41
100 15
42 26
78 22
63 42
53 48
91 29
73 67
89 37
21 7
32 15
92 35
68 7
92 86
35 29
92 75
53 49
70 69
47 39
90 28
101 30
32 6
99 31
63 59
93 4
83 46
98 97
25 24
101 35
88 49
101 51
96 65
85 31
79 19
22 9
23 4
95 37
25 1
112 57
99 85
83 69
49 32
57 56
68 51
73 46
55 6
99 54
33 0
83 81
111 68
112 75
82 7
105 62
97 11
19 18
102 40
114 49
113 65
17 16
58 3
104 41
4 0
46 21
110 49
36 20
68 21
101 19
55 19
45 33
71 54
112 92
50 28
111 77
90 0
72 3
74 73
90 11
41 4
29 19
10 5
53 46
76 20
37 1
84 52
33 19
50 11
70 65
90 50
109 45
96 56
90 5
109 30
104 9
110 46
84 81
87 65
75 57
105 89
30 29
93 0
70 62
74 52
84 74
71 60
74 5
113 17
91 48
111 64
87 56
21 20
86 75
24 11
98 40
42 34
104 4
96 27
69 24
52 3
106 2
73 53
85 80
86 48
72 10
108 4
98 84
64 63
67 49
100 39
11 3
55 35
69 4
78 50
59 36
114 67
89 25
71 31
114 53
99 34
112 96
101 58
108 7
47 6
97 58
45 13
89 45
97 86
50 24
92 48
114 83
93 23
76 75
60 47
64 13
94 55
1 0
33 1
92 66
60 6
28 24
55 29
57 48
23 22
97 59
67 53
101 94
47 15
105 45
88 53
39 15
102 52
51 50
96 20
89 33
64 6
47 22
99 89
32 31
114 104
40 3
81 40
23 9
70 27
77 51
111 7
68 15
82 39
26 14
60 13
99 71
111 21
114 110
101 1
38 26
39 13
99 61
66 24
64 60
75 44
113 76
35 34
76 27
76 70
107 10
79 55
83 49
87 86
84 24
106 6
75 66
34 18
54 14
78 28
109 33
58 36
57 44
94 80
110 83
74 3
113 87
61 31
62 61
81 16
107 75
77 22
43 12
32 13
27 26
67 16
55 31
53 25
88 83
83 67
72 52
113 59
58 6
95 62
60 59
93 82
44 19
95 76
34 12
102 3
85 43
23 0
41 23
111 23
61 26
104 87
70 20
72 2
18 12
98 77
37 36
81 3
103 102
101 29
78 68
88 58
108 78
85 38
91 86
35 30
103 89
87 20
69 28
109 37
43 38
48 44
96 87
80 29
66 48
108 22
103 37
78 51
84 10
9 8
103 1
100 47
105 33
62 27
104 67
80 37
69 11
22 7
73 7
36 19
23 16
34 31
108 9
111 46
86 44
65 56
111 8
38 12
42 29
113 70
101 55
95 87
77 21
88 67
102 100
104 0
22 8
71 38
114 58
70 43
16 0
98 52
41 40
41 8
9 0
88 46
106 64
65 17
74 2
66 65
107 5
39 6
45 1
104 23
37 25
90 23
102 74
36 18
47 32
78 23
38 14
7 6
108 51
92 15
105 80
82 29
100 13
39 32
38 18
86 66
88 69
112 63
47 46
99 18
104 11
96 48
30 19
114 88
61 34
63 58
55 54
112 52
86 53
82 81
94 82
112 91
95 69
112 44
107 84
113 96
100 64
97 5
36 12
44 30
61 43
64 32
80 79
68 22
109 89
54 39
77 7
71 61
103 33
109 63
16 4
41 16
87 62
82 74
22 21
61 54
98 48
73 49
6 2
79 43
95 27
100 32
94 34
91 57
64 9
105 37
43 36
114 73
71 14
62 20
76 56
92 91
71 18
79 31
84 5
106 13
27 1
74 72
94 30
14 2
70 56
49 46
71 34
100 82
54 31
60 10
113 20
27 17
51 22
49 48
111 51
104 16
103 45
13 12
3 2
98 10
58 17
65 0
93 41
95 56
5 3
84 83
52 5
112 66
51 40
43 26
105 1
110 24
89 88
62 56
102 98
75 20
100 2
76 66
104 72
45 25
54 18
61 47
75 48
78 7
