41 0
43 14
47 2
74 10
76 59
83 73
88 73
91 66
93 16
97 63
98 81
105 103
105 25
106 25
107 102
111 108
112 97
113 28
38 16
110 46
38 28
112 63
33 0
93 23
99 31
108 77
76 27
34 18
109 63
30 19
101 55
112 66
13 2
93 4
104 72
77 73
58 3
36 12
50 30
51 21
76 75
76 66
86 75
53 49
47 46
86 57
93 41
49 48
69 50
105 37
70 62
100 47
100 15
23 9
70 43
99 89
102 74
16 0
94 80
106 13
41 8
11 3
79 30
71 31
108 4
111 7
43 36
104 9
23 4
102 100
113 70
80 79
83 53
64 47
59 58
68 67
61 26
95 62
96 27
81 5
109 89
76 62
1 0
64 32
105 1
35 29
85 38
14 2
66 48
92 66
69 4
107 5
93 80
90 50
104 67
96 48
65 20
89 37
20 17
112 57
89 45
47 32
101 51
84 52
79 19
73 49
113 95
11 5
61 18
110 83
58 17
24 11
78 77
96 56
43 31
98 52
108 7
113 65
38 12
25 1
113 17
71 60
111 64
75 44
32 6
74 3
103 25
52 5
47 39
30 29
108 68
78 23
97 59
16 4
89 88
74 2
81 16
100 39
55 19
46 21
81 40
107 75
89 55
113 76
109 105
14 12
109 33
34 31
93 82
112 92
5 3
84 24
17 12
7 6
49 32
82 81
70 56
114 104
73 53
88 83
33 1
85 6
106 15
67 53
73 46
42 34
60 10
71 54
114 49
108 78
9 0
57 1
77 8
104 16
92 75
109 1
23 22
82 30
105 45
68 21
91 57
66 44
97 86
96 87
47 22
107 72
65 27
45 37
102 40
39 6
74 73
65 17
68 50
87 65
88 53
72 2
82 39
79 55
108 22
55 54
67 41
100 13
101 94
52 40
58 36
95 70
64 6
63 58
19 18
104 87
61 34
90 5
74 40
96 20
87 86
95 87
77 7
83 46
83 81
60 39
88 46
104 4
51 40
99 54
107 40
78 22
77 51
43 42
72 40
87 62
61 54
28 11
41 4
21 7
106 2
33 25
82 77
11 10
114 83
104 0
67 16
70 69
72 10
50 28
84 5
64 2
98 84
71 34
49 46
106 32
99 61
60 47
101 58
72 3
58 6
100 6
39 15
41 23
113 96
107 88
103 102
86 44
15 2
94 79
102 52
90 28
23 0
101 30
37 36
23 16
98 77
103 70
102 10
110 73
55 30
36 18
87 17
92 91
113 20
87 56
95 69
95 37
4 0
85 26
89 25
8 7
83 67
47 15
84 3
83 69
100 99
13 12
93 9
109 25
80 37
108 51
99 14
54 39
81 72
65 0
43 38
85 31
75 48
18 12
82 80
62 27
101 79
110 24
32 31
97 5
62 20
42 29
97 58
96 65
68 51
41 40
90 23
77 21
99 71
111 21
113 59
36 20
91 29
74 72
31 18
84 49
27 1
39 32
41 9
22 21
32 13
65 63
22 9
73 67
114 67
103 45
78 68
53 25
54 34
16 9
66 59
70 65
106 6
90 8
91 44
98 5
71 18
27 17
39 13
40 7
57 48
22 8
64 63
79 31
106 92
104 93
94 30
3 2
80 29
34 12
86 53
9 8
35 0
63 27
107 10
69 28
88 49
82 7
