2 3 4 5 6 7 8 9 
1 3 4 7 
1 2 6 7 97 
1 2 4 6 8 10 46 
1 6 10 
1 3 4 5 6 7 9 68 
1 2 3 6 7 9 10 22 71 
1 4 9 20 51 
1 6 7 8 10 35 90 
4 5 7 9 
15 16 17 18 19 30 
12 14 15 16 18 76 
15 17 18 19 20 85 
12 16 17 18 19 
11 12 13 15 16 39 41 57 95 
11 12 14 15 16 19 
11 13 14 17 18 
11 12 13 14 17 
11 13 14 16 69 
8 13 20 
21 23 27 29 
7 28 29 40 
21 23 27 42 76 
24 26 28 30 70 100 
25 30 90 
24 26 27 28 29 30 
21 23 26 27 28 29 30 57 
22 24 26 27 29 
21 22 26 27 28 29 30 
11 24 25 26 27 29 
31 32 34 35 37 39 
31 33 35 37 38 39 40 
32 33 34 35 36 40 41 62 
31 33 35 36 37 39 40 72 82 
9 31 32 33 34 40 
33 34 36 40 
31 32 34 53 
32 39 95 
15 31 32 34 38 39 
22 32 33 34 35 36 
15 33 44 45 46 48 49 50 53 
23 44 45 46 47 72 
43 44 45 47 
41 42 43 44 47 48 49 50 
41 42 43 46 48 
4 41 42 45 47 49 50 90 98 
42 43 44 46 47 48 49 50 
41 44 45 47 49 
41 44 46 47 48 50 
41 44 46 47 49 50 65 
8 52 54 55 56 60 
51 52 55 56 81 
37 41 55 59 99 
51 55 56 80 
51 52 53 54 55 58 59 
51 52 54 57 58 
15 27 56 59 60 61 
55 56 58 60 
53 55 57 60 
51 57 58 59 
57 61 69 
33 63 64 65 66 90 
62 63 65 66 67 68 70 
62 64 66 67 68 69 
50 62 63 65 66 70 78 
62 63 64 65 68 70 
63 64 67 69 70 
6 63 64 66 
19 61 64 67 70 99 
24 63 65 66 67 69 70 
7 71 72 73 75 77 79 80 97 
34 42 71 74 76 77 79 80 
71 74 75 76 77 78 80 
72 73 75 76 77 79 80 
71 73 74 76 78 
12 23 72 73 74 75 76 78 80 
71 72 73 74 77 78 86 
65 73 75 76 77 79 80 
71 72 74 78 80 
54 71 72 73 74 76 78 79 80 
52 82 83 86 87 90 100 
34 81 82 84 87 88 90 
81 83 84 85 88 
82 83 86 87 88 89 90 
13 83 85 87 88 89 90 
77 81 84 87 89 
81 82 84 85 86 88 89 90 
82 83 84 85 87 89 90 
84 85 86 87 88 90 
9 25 46 62 81 82 84 85 87 88 89 90 
93 98 99 100 
92 93 95 
91 92 95 97 99 
95 96 97 100 
15 38 92 93 94 
94 99 100 
3 71 93 94 99 
46 91 100 
53 69 91 93 96 97 
24 81 91 94 96 98 100 
