1:1 12 5 4 18 7 11 6 13 8 14 2 17 3 20 22 9 10 
2:2 20 3 14 4 22 8 1 13 29 18 12 5 11 7 6 9 17 10 
3:3 8 29 2 9 28 4 14 20 31 1 13 18 12 22 5 11 7 6 17 10 
4:4 14 13 8 3 2 1 29 20 22 18 12 5 11 7 6 9 17 10 
5:5 11 1 12 6 7 18 17 22 
6:6 7 11 17 5 
7:7 6 17 11 5 
8:8 3 4 2 14 29 13 1 20 22 18 12 5 11 7 6 9 17 10 
9:9 31 3 33 15 16 21 8 29 2 23 34 4 20 14 22 19 24 10 1 13 30 28 32 18 25 12 27 26 5 11 6 7 17 
10:10 3 8 29 2 9 4 14 20 31 1 13 18 12 22 5 11 6 7 17 
11:11 5 6 7 17 
12:12 1 5 18 7 11 4 22 13 6 2 8 3 14 20 17 9 10 
13:13 4 14 8 3 2 1 29 20 22 18 12 5 11 7 6 9 17 10 
14:14 4 2 3 8 13 20 1 29 22 18 12 5 11 7 6 9 17 10 
15:15 33 16 21 23 24 34 30 31 19 27 9 10 28 
16:16 33 15 21 23 24 34 30 31 19 27 9 10 28 
17:17 6 7 11 5 
18:18 1 12 5 4 2 7 11 32 22 6 14 13 8 20 3 17 29 9 10 
19:19 34 21 14 24 23 31 29 32 33 30 16 15 26 9 25 27 28 3 10 
20:20 2 1 4 12 18 5 3 22 14 7 8 13 11 6 17 9 10 
21:21 33 16 15 23 24 30 34 27 19 31 9 10 28 
22:22 2 20 14 3 18 4 1 8 29 12 13 5 11 7 6 9 17 10 
23:23 33 16 15 21 24 30 34 27 19 31 9 10 28 
24:24 30 28 33 16 15 21 23 34 19 31 27 9 10 
25:25 26 32 
26:26 25 32 
27:27 30 24 28 33 16 15 21 34 23 19 31 9 10 
28:28 25 24 26 30 32 27 
29:29 3 32 8 25 26 9 28 10 
30:30 27 24 28 33 16 15 21 34 23 19 31 9 10 
31:31 9 33 16 15 21 23 34 30 24 19 27 10 28 
32:32 25 26 
33:33 16 15 21 24 23 30 34 27 19 31 9 10 28 
34:34 21 14 24 19 23 31 29 32 33 30 16 15 26 9 25 27 28 3 10 
