98 77
88 58
45 37
103 25
85 6
96 87
9 8
90 11
72 40
109 105
54 31
107 5
63 27
108 77
32 13
71 61
84 49
39 6
94 29
90 0
15 14
104 72
21 7
51 40
55 6
41 0
23 22
94 55
22 21
37 33
72 3
27 17
58 36
43 38
60 59
59 58
82 77
101 55
97 59
92 57
103 33
104 4
48 44
55 54
108 21
68 50
77 21
93 80
81 3
50 11
21 8
74 40
57 56
9 0
83 67
62 27
107 10
98 52
95 62
70 43
114 15
24 11
87 62
38 12
110 53
100 82
82 29
35 29
61 47
83 73
11 10
71 31
80 79
62 45
102 98
61 26
109 103
34 26
60 13
113 59
43 36
43 26
35 30
107 98
25 24
112 75
41 8
20 17
74 72
95 56
54 38
16 4
111 68
107 40
108 68
109 33
99 18
107 84
100 13
61 18
93 23
114 104
103 37
52 40
86 48
109 79
70 27
91 44
91 69
97 5
103 89
51 22
90 69
77 8
95 69
76 66
102 40
5 3
44 19
76 27
28 11
84 10
98 48
54 14
8 7
109 30
28 24
71 34
102 72
76 59
26 3
95 17
80 37
69 11
74 10
68 22
101 35
109 37
30 29
93 82
88 73
107 102
70 20
92 35
110 46
10 5
13 12
91 57
111 21
38 16
95 27
111 46
34 18
34 12
108 22
11 3
78 28
62 17
75 20
85 12
67 46
104 67
71 18
34 31
112 97
91 66
59 36
94 82
114 49
41 4
74 5
47 6
99 89
90 50
44 30
95 70
106 64
99 61
97 86
99 85
92 48
61 54
109 63
7 6
105 80
90 5
35 19
19 18
39 32
69 28
98 84
49 48
66 59
63 42
86 57
110 49
94 19
55 30
95 37
106 60
15 2
92 15
57 1
33 1
72 10
50 24
105 62
102 100
64 32
66 65
104 9
108 7
93 0
41 16
16 9
22 9
102 52
107 72
43 14
106 13
100 99
101 58
60 6
96 76
98 10
86 75
78 77
99 14
114 73
88 46
100 64
74 2
65 0
101 30
111 77
47 32
90 8
51 50
89 55
108 51
92 75
26 14
114 58
107 81
77 73
43 42
84 3
81 10
99 31
75 44
108 78
85 38
65 56
82 81
95 87
87 56
72 71
98 97
70 65
67 53
106 6
106 2
23 9
75 57
47 22
65 63
78 8
64 63
54 39
113 87
32 31
113 95
78 22
111 108
36 12
105 89
40 7
94 30
94 80
23 4
99 71
52 5
44 35
41 40
91 48
57 44
30 19
111 7
100 2
106 32
45 13
106 56
56 27
38 26
78 50
94 79
84 81
87 65
58 6
64 2
61 31
113 76
97 63
61 34
13 2
53 48
111 8
67 41
100 47
81 5
76 20
71 60
58 3
105 37
69 24
17 12
68 51
112 44
92 91
112 91
65 27
81 16
114 88
106 25
45 33
39 38
33 19
113 65
84 24
11 5
101 94
85 80
61 43
88 53
73 49
45 1
110 80
35 0
25 1
68 15
92 61
43 12
68 8
81 72
92 86
9 4
87 86
32 6
64 47
93 9
72 52
73 7
79 31
53 49
89 1
104 0
84 5
38 18
110 73
105 33
18 12
106 92
91 86
60 15
42 18
104 23
76 75
114 110
85 31
60 2
78 68
82 30
98 5
76 56
22 8
86 53
94 34
65 17
88 83
87 20
81 40
97 58
90 24
64 13
112 66
5 4
67 49
104 41
73 53
74 73
99 54
85 26
36 19
74 52
14 2
103 45
54 34
40 3
104 87
101 51
37 36
62 61
106 15
49 32
45 25
79 30
106 39
42 34
68 67
38 14
32 21
93 41
45 44
53 46
89 88
69 4
88 49
35 34
89 45
94 35
102 74
113 17
57 42
87 17
87 24
73 67
108 9
105 103
100 6
98 40
84 83
1 0
75 66
95 76
3 2
105 25
43 31
100 39
39 15
89 37
114 46
65 20
76 62
109 89
68 21
66 24
112 52
82 7
72 2
93 16
89 33
64 6
109 25
60 39
96 65
33 25
55 35
47 2
16 0
100 15
110 88
79 55
104 93
83 49
32 15
23 16
37 1
63 58
77 51
38 28
79 35
114 83
39 13
75 48
108 4
85 43
83 81
111 64
89 25
64 60
86 66
88 69
22 7
112 96
6 2
28 4
77 7
62 20
42 26
85 14
27 1
