0:0 9 16 93 23 41 4 104 
66:66 76 59 113 65 96 87 17 20 27 62 70 95 56 63 
3:3 26 61 34 18 42 12 43 36 31 85 99 71 14 38 54 
69:69 28 11 50 90 24 
6:6 64 32 106 13 2 100 47 15 39 60 
72:72 102 74 40 52 3 81 5 98 107 84 10 
9:9 23 4 16 41 93 104 0 
75:75 20 76 66 59 113 65 70 17 27 96 87 62 95 56 63 112 97 86 
12:12 13 64 2 60 6 106 32 39 15 100 47 
78:78 50 28 11 69 90 24 
15:15 14 2 100 47 13 64 6 32 106 39 60 
81:81 83 84 107 98 5 10 52 74 40 102 72 3 
18:18 42 34 12 61 26 43 36 31 85 99 71 14 38 54 
84:84 107 98 5 10 81 52 74 40 102 72 3 
21:21 108 111 77 7 8 22 78 68 51 50 
87:87 96 65 113 17 20 76 27 62 70 95 56 
24:24 90 28 69 50 11 
90:90 24 28 69 50 11 
27:27 70 95 62 56 76 113 17 65 20 87 96 
93:93 80 82 94 29 30 19 79 35 101 55 
30:30 109 79 55 35 101 94 29 19 82 
96:96 112 87 65 113 17 20 70 27 62 95 56 76 
33:33 103 25 105 89 109 37 45 1 
99:99 71 31 18 34 61 54 42 26 12 38 85 14 43 36 
36:36 43 12 85 38 14 26 99 31 54 34 18 61 71 42 
102:102 74 72 40 52 3 81 5 98 107 84 10 
39:39 54 38 14 85 99 31 43 26 61 34 71 18 12 42 36 
105:105 109 89 37 103 33 25 45 1 
42:42 63 18 34 12 61 26 43 36 31 85 99 71 14 38 54 
108:108 21 111 77 7 8 22 78 68 51 50 
45:45 33 103 25 1 37 105 89 109 
111:111 46 21 8 77 108 7 22 78 68 51 50 
48:48 92 91 86 75 44 57 112 66 
114:114 83 49 73 67 53 110 46 88 
51:51 68 50 78 22 108 7 77 21 8 111 
54:54 39 38 14 85 99 31 43 26 61 34 71 18 12 42 36 
57:57 56 44 48 75 86 92 91 112 66 
60:60 59 97 63 58 36 
63:63 42 18 34 12 61 26 43 36 31 85 99 71 14 38 54 
