106 25
78 23
98 84
79 30
99 14
105 37
77 73
84 3
95 17
81 5
111 7
1 0
95 27
60 39
60 10
54 34
41 40
51 40
99 85
108 68
66 24
91 48
110 49
85 26
84 10
109 89
71 18
88 46
32 13
79 29
85 43
103 1
22 7
73 49
106 32
58 3
28 24
104 23
101 1
52 40
77 22
87 62
22 21
37 25
42 34
87 56
95 37
63 59
70 20
67 16
107 88
59 58
107 81
18 12
102 3
84 5
36 12
81 3
62 61
45 25
69 28
106 6
112 92
114 15
83 46
34 18
107 5
113 70
44 35
101 79
92 91
90 24
69 11
70 69
97 63
90 28
107 40
113 96
17 12
81 10
45 44
29 19
88 73
95 87
74 73
75 20
75 66
68 21
13 2
108 78
106 56
103 45
66 65
49 32
79 19
110 67
57 1
82 7
98 77
114 49
33 1
85 38
90 0
111 51
83 73
65 56
82 80
48 44
10 5
47 22
94 35
7 6
88 58
93 4
32 21
30 19
76 20
63 42
106 39
65 63
86 53
82 30
47 15
45 37
89 33
113 59
88 69
50 30
60 15
61 18
98 52
104 87
67 53
114 67
106 92
9 0
52 3
40 3
38 14
32 31
91 66
93 0
20 17
88 49
16 4
87 65
72 3
43 36
78 77
99 71
108 51
113 87
58 6
61 43
64 2
108 4
64 47
94 34
67 46
81 40
39 32
50 28
105 1
105 33
25 24
76 27
83 81
47 39
37 1
87 24
50 11
53 52
98 81
57 48
73 7
91 80
93 41
74 52
87 86
97 58
95 62
76 56
57 42
37 36
64 9
43 31
58 36
95 70
94 80
104 41
103 89
93 9
15 2
99 54
104 11
111 64
43 38
57 56
15 13
34 26
103 25
55 54
35 30
84 83
70 43
62 27
101 35
35 0
53 49
53 25
78 8
110 88
71 14
69 50
33 0
73 46
84 49
58 17
96 17
74 3
79 31
45 33
90 23
93 91
111 21
101 58
68 50
92 75
88 53
88 67
113 65
112 75
41 16
32 6
89 55
68 7
33 25
63 58
78 68
39 15
55 30
86 75
94 30
23 16
42 18
96 56
52 5
70 62
22 8
61 54
114 73
11 10
97 5
93 23
60 59
31 18
114 53
103 37
54 38
60 2
60 6
108 77
110 53
19 18
113 95
98 5
34 12
55 19
65 27
111 8
96 20
109 37
49 46
94 55
65 20
54 31
110 46
102 74
42 29
101 30
109 105
85 14
107 72
76 70
26 3
35 19
90 5
112 97
93 82
55 31
109 30
70 27
65 17
80 79
85 80
55 6
38 26
6 2
79 43
45 1
106 15
61 34
38 12
104 72
114 58
107 98
114 46
83 69
76 66
55 29
43 12
92 48
108 21
96 65
51 8
23 4
106 13
26 12
84 24
110 24
112 63
57 44
41 23
75 57
100 47
61 31
71 34
114 83
104 4
47 46
107 75
72 40
68 67
68 51
90 50
89 88
51 22
54 39
100 15
113 17
51 21
69 4
9 4
99 34
102 10
62 17
101 29
64 6
55 35
23 9
100 6
5 3
66 59
82 29
64 13
79 55
27 1
103 102
73 53
105 89
46 21
93 16
103 33
68 22
100 82
90 8
74 5
78 28
41 8
78 50
112 52
35 29
77 8
86 44
110 73
89 45
106 2
107 84
13 12
82 81
102 52
104 93
96 27
99 31
41 4
41 9
84 74
108 7
74 10
8 7
95 56
97 11
23 0
16 9
38 16
38 28
94 19
67 41
69 24
54 18
71 60
41 0
27 17
43 26
112 96
21 8
94 29
80 37
17 16
11 5
110 80
87 20
104 0
85 6
106 64
94 82
107 10
114 88
68 15
14 12
105 25
26 14
47 6
91 29
70 65
102 72
93 80
39 38
5 4
92 35
53 48
74 72
96 48
62 45
98 40
79 35
84 81
75 44
15 14
25 1
100 13
36 20
111 68
43 42
91 86
96 76
86 80
111 23
62 56
101 55
92 66
77 51
61 26
43 14
72 2
89 1
66 48
113 76
35 34
78 22
51 50
82 77
14 2
91 44
28 11
96 87
28 4
109 25
83 67
95 69
77 7
72 71
97 59
78 51
77 21
111 46
73 67
78 7
108 9
97 86
37 33
85 12
85 31
113 20
104 67
61 47
3 2
70 56
100 32
83 53
102 40
