4 0
21 20
27 26
36 18
60 47
66 44
71 54
71 38
80 29
82 74
82 39
84 52
101 19
103 70
104 16
105 45
109 1
109 45
110 13
110 83
111 78
112 57
113 28
50 28
90 69
78 22
33 19
89 45
106 32
70 62
14 2
72 2
85 80
104 93
54 39
39 6
78 77
91 66
98 10
41 23
85 6
62 20
104 0
58 6
41 4
74 2
112 96
101 94
106 15
114 15
38 14
96 27
114 83
98 81
74 10
78 7
76 59
58 36
98 40
15 2
103 33
112 91
35 19
16 4
92 86
101 29
65 27
22 8
92 75
63 59
30 29
81 72
20 17
105 62
101 79
111 21
98 52
87 65
102 100
90 11
97 11
107 98
98 97
18 12
104 87
17 16
9 0
32 21
53 48
47 15
31 18
99 31
61 18
74 40
28 4
114 53
67 49
68 15
57 56
72 71
104 23
78 50
55 35
64 13
38 18
106 25
92 91
105 103
86 44
101 1
70 69
54 31
54 38
51 40
62 27
64 6
71 61
84 81
70 20
74 52
13 2
55 31
113 65
50 24
89 37
55 6
102 3
91 29
45 44
50 11
44 35
65 0
58 17
6 2
93 80
62 17
34 12
78 23
81 5
105 33
108 7
55 54
57 44
22 7
107 84
90 28
114 110
113 70
109 30
61 47
70 27
70 56
47 2
113 76
87 62
74 72
94 82
67 16
57 1
91 48
100 2
88 67
47 22
99 71
79 35
65 63
10 5
11 5
73 46
100 32
104 9
113 87
103 1
37 25
71 18
28 24
79 43
54 34
73 67
98 5
102 74
47 46
110 88
105 37
11 3
39 13
70 65
96 65
85 43
43 36
49 46
107 5
109 79
67 53
69 11
67 46
112 66
109 103
88 58
69 28
112 44
104 72
69 50
26 3
78 28
93 82
108 21
55 30
25 1
82 30
79 29
97 59
85 38
114 73
104 67
92 61
103 25
101 51
30 19
41 40
35 0
111 77
82 7
47 32
107 75
71 31
37 1
76 62
85 14
62 45
86 80
40 3
34 31
65 20
68 22
85 31
100 15
23 4
93 23
94 80
110 46
41 9
35 34
82 77
100 6
75 44
104 4
92 48
75 20
83 69
42 29
38 16
32 6
95 69
33 25
87 17
60 6
61 34
99 14
113 17
68 51
60 2
111 46
104 11
84 74
83 81
9 8
94 29
76 66
40 7
64 32
68 8
105 80
13 12
102 40
111 8
16 9
99 34
110 73
93 91
60 59
35 29
114 49
42 34
60 10
90 24
83 49
45 1
39 15
29 19
111 108
53 25
94 55
105 1
94 19
45 37
86 75
60 39
41 8
98 84
105 89
59 36
107 88
108 68
23 9
16 0
100 47
62 56
19 18
93 16
48 44
103 102
83 67
96 17
95 70
96 56
75 48
114 88
101 35
52 40
21 8
77 21
91 69
72 40
96 87
23 22
61 26
71 60
78 51
81 40
110 24
46 21
98 48
45 33
87 24
102 72
65 17
81 3
114 67
112 92
111 23
52 5
42 18
93 0
77 22
41 16
74 5
87 86
63 42
57 48
89 25
94 30
70 43
44 30
15 14
97 58
68 50
64 60
114 104
89 88
114 58
99 18
73 53
34 18
92 15
91 44
86 48
109 105
