0:0 33 1 103 105 37 109 45 25 89 
66:66 59 76 75 20 113 70 65 96 27 56 17 62 95 87 
3:3 52 72 74 102 40 2 98 84 10 107 81 5 
69:69 90 11 28 24 50 
6:6 58 59 97 63 60 64 106 32 47 39 15 100 13 2 
72:72 52 3 74 102 40 2 98 84 10 107 81 5 
9:9 108 4 16 0 41 104 23 93 
75:75 66 86 44 48 57 91 92 112 
12:12 36 18 38 85 43 26 14 42 34 61 54 99 31 71 
78:78 50 28 11 24 69 90 
15:15 60 47 100 2 64 32 6 106 39 13 
81:81 10 5 107 98 84 102 40 72 52 3 74 
18:18 42 34 61 26 43 31 99 54 71 14 85 38 12 
84:84 24 28 50 11 69 90 5 10 107 98 81 97 102 40 72 3 52 74 
21:21 68 7 22 8 78 111 51 77 108 50 
87:87 95 62 17 27 65 96 56 20 70 113 76 
24:24 28 50 11 69 90 
90:90 69 11 28 24 50 
27:27 56 96 65 17 113 20 70 76 62 95 87 
93:93 82 80 94 29 79 30 35 19 101 55 
30:30 35 79 94 101 19 55 29 
96:96 56 27 65 17 113 20 70 76 62 95 87 
33:33 103 105 37 109 45 25 89 1 
99:99 54 31 18 61 34 71 42 26 43 14 85 38 12 
36:36 12 18 38 85 43 26 14 42 34 61 54 99 31 71 
102:102 40 98 52 72 3 74 84 10 107 81 5 
39:39 13 106 32 15 100 6 47 64 60 2 
105:105 33 103 37 109 45 25 89 1 
42:42 18 34 61 26 43 31 99 54 71 14 85 38 12 
108:108 51 77 78 111 8 22 7 21 68 50 
45:45 109 25 89 103 33 1 105 37 
111:111 51 8 78 77 108 22 7 21 68 50 
48:48 57 44 91 86 75 66 92 112 
114:114 110 73 49 46 83 88 53 67 
51:51 108 77 78 111 8 22 7 21 68 50 
54:54 14 38 85 99 71 31 18 34 61 26 43 12 42 
57:57 48 44 91 86 75 66 92 112 
60:60 59 66 76 75 20 113 70 65 96 27 56 17 62 95 87 
63:63 65 27 96 56 17 113 20 70 76 62 95 87 
