5 3
96 56
61 18
24 11
59 58
85 26
64 9
75 66
27 17
94 82
62 27
68 22
83 69
99 85
94 19
92 61
98 52
33 0
41 4
78 50
42 34
71 60
76 70
9 4
31 18
65 17
68 15
89 55
74 5
58 6
21 20
76 20
6 2
91 86
75 44
17 12
34 26
71 34
85 43
79 43
47 15
25 24
85 14
69 11
102 100
95 17
16 0
64 2
105 33
91 44
96 17
112 52
86 66
13 2
41 0
86 57
107 88
69 50
109 45
100 32
111 23
90 8
98 84
89 25
57 56
83 73
46 21
74 73
84 24
112 57
84 81
112 75
70 62
78 8
95 62
15 2
42 18
47 46
35 29
113 65
106 25
86 53
101 30
22 7
110 49
65 0
78 51
16 4
104 9
39 15
73 67
61 31
47 32
22 21
106 15
49 48
37 25
87 65
71 61
32 21
87 86
69 28
107 84
84 10
4 0
105 62
94 80
86 75
96 20
61 47
57 1
14 12
53 25
70 56
78 77
67 46
60 2
78 68
29 19
81 10
9 8
39 38
45 25
109 63
68 8
60 47
106 32
90 23
79 31
106 64
55 31
75 48
38 18
103 25
78 28
114 53
86 44
74 3
41 9
108 78
110 24
42 29
58 3
97 5
65 27
35 30
87 20
104 11
101 1
77 21
72 10
94 55
30 19
92 91
84 74
113 17
99 31
114 49
102 72
38 12
94 34
98 97
89 45
68 51
56 27
77 73
92 57
104 72
61 34
28 24
62 17
72 52
67 53
43 42
51 8
105 1
35 34
113 70
88 46
72 40
106 13
22 9
112 63
103 89
54 31
61 26
50 28
68 50
106 56
107 81
83 49
101 55
96 48
84 52
60 13
108 51
93 82
32 6
78 22
43 12
102 52
68 7
81 5
21 8
91 69
34 31
113 87
82 39
107 98
61 54
41 8
90 69
111 21
45 44
42 26
65 20
79 35
47 39
103 33
55 6
114 58
57 42
91 80
40 3
104 4
76 62
103 37
43 14
74 2
82 29
101 79
98 40
53 48
109 30
39 13
33 25
23 16
108 9
72 2
9 0
48 44
82 80
84 3
114 73
76 59
61 43
49 32
57 48
82 30
112 96
37 36
74 52
111 51
114 67
95 70
90 24
78 23
51 50
96 27
54 34
64 47
79 30
87 24
101 35
104 0
114 46
65 56
81 16
111 77
112 92
110 46
11 10
64 13
66 59
35 0
72 3
90 0
54 14
107 10
27 1
105 89
35 19
105 45
88 49
67 41
39 6
43 38
73 49
83 67
89 1
3 2
74 72
81 40
114 83
20 17
92 35
107 5
90 5
33 1
47 6
93 0
70 43
37 33
99 89
73 46
109 1
54 18
102 40
86 48
27 26
68 67
111 8
43 31
85 38
99 54
94 79
108 4
85 31
99 18
90 50
62 61
72 71
52 3
79 55
36 12
96 65
50 30
107 75
99 14
50 24
73 53
87 62
60 59
98 81
64 63
25 1
100 2
77 22
83 53
104 87
78 7
62 45
55 29
64 32
104 67
110 88
43 26
86 80
63 27
81 72
94 35
114 110
67 49
110 67
100 99
32 31
15 14
97 86
93 23
60 15
98 10
93 91
113 76
58 36
28 4
26 3
106 6
55 19
110 80
32 15
102 74
101 19
102 10
53 52
111 78
80 79
55 35
59 36
54 38
109 89
10 5
93 4
36 19
85 12
82 77
83 81
28 11
95 27
44 30
103 70
77 7
106 39
88 83
85 80
113 20
107 102
90 28
69 24
101 94
114 104
63 58
100 47
109 103
113 59
105 80
91 57
73 7
110 13
62 20
101 58
68 21
94 29
41 23
76 56
106 60
17 16
11 3
87 17
84 49
100 15
5 4
110 73
70 69
111 64
26 12
57 44
96 76
22 8
21 7
112 66
82 81
79 29
38 28
65 63
76 75
112 97
74 40
82 7
67 16
84 83
103 45
51 40
41 40
49 46
47 2
102 98
38 14
34 12
77 51
109 79
70 20
43 36
7 6
95 87
92 86
108 22
11 5
113 28
81 3
98 5
39 32
93 80
75 20
98 77
64 60
104 41
108 77
58 17
101 51
95 37
47 22
92 48
36 18
45 1
88 53
1 0
34 18
53 46
105 37
71 14
112 91
82 74
55 30
44 19
107 72
71 31
16 9
97 58
54 39
70 27
100 6
