8 7
36 20
37 1
45 33
45 37
60 39
63 59
66 24
66 48
71 18
71 54
74 10
76 66
77 8
85 6
88 69
89 37
90 11
93 16
100 64
106 2
108 21
110 53
111 7
111 68
107 40
91 66
105 37
7 6
106 15
17 12
84 10
55 30
91 69
106 39
104 93
103 1
16 0
114 53
108 9
58 6
108 7
70 20
38 12
68 21
55 31
94 82
93 41
53 52
60 2
33 1
96 56
66 65
85 12
74 3
99 61
72 10
114 58
113 87
76 27
109 33
90 8
68 67
30 29
105 33
113 59
61 18
61 26
83 69
44 30
41 4
81 10
94 35
103 33
48 44
105 62
107 5
72 3
22 7
15 13
73 67
19 18
98 40
64 9
92 75
43 26
31 18
111 23
106 25
60 15
32 13
107 10
91 48
76 70
67 49
71 34
35 29
97 11
37 36
107 98
86 48
99 54
61 54
59 58
104 87
50 28
60 59
78 7
45 25
54 38
91 86
51 8
83 53
23 22
104 11
62 20
101 94
92 61
53 49
83 46
61 34
88 67
72 52
47 39
64 6
92 35
110 80
38 16
108 51
92 86
14 2
103 89
47 32
98 10
34 18
93 0
84 74
95 17
101 35
113 20
82 39
1 0
37 25
88 46
41 16
102 40
107 84
86 57
85 14
88 83
35 0
75 66
88 58
86 75
109 103
26 12
114 110
65 17
82 30
18 12
61 47
72 40
112 92
108 22
36 19
50 11
111 8
13 12
54 14
87 62
22 8
65 27
9 8
64 60
113 17
95 87
66 59
78 50
39 32
66 44
77 7
72 2
15 2
97 86
55 29
77 73
93 9
53 25
80 79
22 9
70 56
47 22
32 31
9 4
84 3
101 1
67 41
100 82
32 15
34 31
88 53
76 56
93 82
94 19
104 0
111 78
38 28
76 20
95 70
83 67
23 16
35 30
106 6
68 22
82 74
4 0
114 15
101 55
97 59
101 79
49 46
62 27
52 40
102 3
87 24
100 15
41 40
78 8
10 5
23 0
113 96
67 53
74 5
112 96
44 35
52 3
27 17
22 21
65 63
91 80
98 81
98 52
87 86
114 83
106 56
100 47
83 81
64 47
79 30
111 51
23 4
106 32
113 28
94 80
13 2
32 21
112 44
74 52
76 75
109 37
21 7
94 79
81 5
100 99
16 9
86 53
104 67
104 23
94 30
95 37
63 42
90 23
92 48
26 14
45 1
78 22
39 13
70 65
99 71
98 77
62 17
33 0
81 16
96 65
82 29
79 19
29 19
57 1
36 12
97 63
75 20
86 80
82 7
28 11
95 27
64 32
79 43
49 48
113 70
102 98
90 69
108 77
78 77
87 65
60 47
109 25
21 8
76 59
79 35
57 48
114 104
85 26
56 27
90 5
106 64
85 38
96 20
64 2
106 92
98 84
28 24
64 63
58 3
96 87
110 73
100 32
51 22
54 39
3 2
90 24
109 45
32 6
96 27
68 15
113 95
89 25
43 38
42 18
99 31
105 103
82 80
89 55
91 44
17 16
70 27
68 50
77 51
69 28
101 19
28 4
42 29
107 88
108 78
69 11
104 41
53 48
109 89
68 7
43 42
110 13
46 21
47 15
75 57
88 49
79 55
91 29
84 24
55 54
