89 86
89 87
89 88
90 81
90 82
90 83
90 84
90 86
91 81
91 84
91 85
91 86
91 87
91 88
91 89
91 91
92 81
92 82
92 83
92 86
92 88
92 89
92 90
92 91
93 81
93 82
93 83
93 84
93 85
93 87
93 88
93 90
93 93
94 81
33 25
33 28
33 29
33 30
33 31
33 32
33 33
34 21
34 24
34 25
34 26
34 30
34 31
34 33
34 34
35 22
35 23
35 25
35 26
35 28
35 30
35 32
35 33
35 34
36 21
36 24
36 25
36 27
36 28
36 29
36 30
36 36
37 27
37 28
37 32
37 34
37 35
37 36
38 21
88 63
32 3
34 2
23 13
30 14
39 18
28 58
31 49
22 58
35 50
27 49
40 70
23 67
38 73
29 67
34 61
9 51
4 60
10 60
17 49
12 48
1 75
13 76
16 72
12 78
20 68
52 62
56 73
47 74
52 79
47 78
81 81
82 82
83 82
84 82
84 84
85 82
85 83
85 84
85 85
86 81
86 82
86 84
87 82
87 84
87 86
88 82
88 86
88 88
89 81
89 83
89 84
94 84
94 86
94 89
94 91
94 93
95 81
95 83
95 84
95 87
95 95
96 81
96 82
96 83
96 84
96 86
96 87
96 89
96 92
96 95
97 82
97 84
97 85
97 87
97 88
97 89
97 90
97 91
97 94
97 95
97 97
98 81
98 84
98 86
98 87
98 92
98 93
59 46
59 49
59 50
59 51
59 52
59 53
59 56
60 42
60 43
60 45
60 47
60 51
60 52
60 54
60 55
60 59
62 61
62 62
63 62
63 63
64 62
64 63
64 64
65 62
65 63
65 64
66 62
66 63
66 64
66 66
67 61
67 65
67 66
67 67
68 62
68 63
68 64
68 65
68 66
69 61
69 62
69 63
69 66
69 67
26 26
27 21
27 22
27 23
27 26
27 27
28 21
28 22
28 23
28 25
28 26
28 27
28 28
29 22
29 23
29 24
29 27
29 28
30 27
31 21
31 23
31 24
31 26
31 27
31 28
31 30
31 31
32 24
32 26
32 27
32 30
32 31
33 22
33 23
33 24
20 17
20 18
41 41
42 41
43 41
43 43
44 41
44 42
44 44
45 41
45 42
45 44
46 42
46 43
46 44
47 41
47 42
47 43
47 44
47 45
48 44
48 46
48 48
49 44
49 48
49 49
50 41
50 42
50 43
50 44
50 45
50 48
51 42
51 46
51 50
52 42
52 45
52 48
52 49
53 41
30 28
30 30
77 65
77 66
77 69
77 70
77 75
78 61
78 63
78 67
78 69
78 73
78 74
79 62
79 65
79 66
79 67
79 70
79 72
79 73
79 76
79 77
79 78
79 79
80 61
80 62
80 66
80 68
80 69
80 70
80 71
80 73
80 75
80 77
80 80
86 35
93 35
100 34
98 40
81 25
89 10
93 15
88 4
94 10
96 4
98 44
87 57
100 42
83 47
97 57
85 70
88 79
91 68
84 69
16 11
16 14
16 16
17 1
17 2
17 3
17 7
17 8
17 9
17 12
17 14
17 15
17 16
18 1
18 5
18 7
18 8
18 12
18 14
18 15
18 16
18 18
19 1
19 2
19 3
19 4
19 5
19 6
19 7
19 13
19 15
19 18
20 2
20 3
20 7
20 9
20 11
20 12
20 15
20 16
53 44
53 46
53 47
53 48
53 49
53 50
54 41
54 43
54 44
54 47
54 48
54 50
54 52
54 53
55 41
55 42
55 44
55 45
55 49
55 50
55 52
55 54
56 41
56 43
56 44
56 47
56 48
56 53
56 54
56 56
57 41
57 44
57 45
57 52
57 53
58 43
58 45
58 48
58 49
58 50
58 51
58 55
58 58
59 41
59 44
59 45
38 23
38 24
38 26
38 30
38 31
38 32
38 33
38 34
38 35
38 36
38 37
38 38
39 22
39 24
39 28
39 30
39 33
39 36
40 22
40 24
40 27
40 29
40 33
40 35
40 36
40 39
40 40
1 1
2 1
2 2
6 2
7 1
7 3
7 5
7 7
8 2
8 3
8 4
8 5
8 7
9 6
9 8
9 9
10 2
10 3
10 7
10 8
10 9
11 2
11 4
11 6
11 7
12 1
12 11
13 1
13 2
13 5
13 6
13 8
13 9
13 10
13 11
13 12
13 13
14 1
14 6
14 7
14 10
14 12
15 2
15 4
15 6
15 7
15 9
15 10
15 11
15 14
16 3
16 4
16 5
16 9
70 61
70 64
70 65
70 66
70 67
70 68
70 70
71 62
71 63
71 64
71 66
71 69
71 70
72 61
72 63
72 64
72 66
72 68
72 71
73 61
73 63
73 64
73 65
73 66
73 67
73 68
73 70
73 71
73 72
73 73
74 62
74 63
74 64
74 68
74 69
74 74
75 66
75 67
75 71
75 72
75 73
76 65
76 66
76 71
76 72
76 74
76 76
77 62
98 94
98 95
98 96
99 81
99 82
99 83
99 86
99 87
99 90
99 91
99 94
99 96
99 97
99 98
100 81
100 82
100 83
100 84
100 87
100 88
100 90
100 92
100 97
100 99
21 21
23 21
23 22
24 21
24 23
24 24
25 23
26 21
26 24
