0:0 10 42 47 2 30 61 19 7 53 
1:1 26 27 25 
2:2 61 10 42 53 0 47 30 19 7 
3:3 8 59 
4:4 51 11 18 55 21 24 29 45 23 15 35 59 3 8 
5:5 9 56 6 13 32 57 60 17 41 22 54 48 31 39 
6:6 56 17 9 22 13 5 57 41 32 54 48 60 31 39 
7:7 30 19 47 28 
8:8 3 59 
9:9 32 13 5 41 57 54 6 48 56 17 22 60 31 39 
10:10 2 42 0 61 53 47 30 19 7 
11:11 51 4 55 
12:12 33 34 50 38 16 14 44 58 52 43 37 40 53 61 2 42 10 0 
13:13 9 32 54 5 41 6 57 56 17 48 22 60 31 39 
14:14 34 16 43 50 38 37 33 44 58 52 12 40 53 61 2 42 10 0 
15:15 40 59 55 45 23 36 3 8 39 37 21 18 20 51 24 11 4 29 35 28 
16:16 14 50 33 34 38 43 44 58 37 52 12 40 53 61 2 42 10 0 
17:17 22 6 9 57 31 5 41 56 13 54 32 48 60 39 
18:18 24 21 20 51 29 11 4 45 35 23 15 55 59 36 3 8 28 37 40 39 
19:19 30 7 47 28 
20:20 18 28 8 3 24 21 51 45 29 59 23 11 4 15 35 55 36 37 40 39 
21:21 18 29 51 24 11 45 4 23 35 15 55 59 3 8 
22:22 17 31 25 27 26 1 
23:23 45 59 15 3 36 8 40 37 39 55 21 18 20 51 24 11 4 29 35 28 
24:24 18 29 15 45 21 51 43 35 55 23 11 4 59 3 8 53 
25:25 27 26 1 
26:26 27 1 25 
27:27 26 25 1 
28:28 20 47 8 3 30 19 7 59 36 39 1 26 27 25 
29:29 43 24 10 21 51 18 11 45 4 2 35 53 23 61 42 0 50 15 55 59 3 8 20 47 28 30 
30:30 19 7 47 28 
31:31 17 22 6 25 9 56 13 57 5 41 32 54 48 60 39 
32:32 60 
33:33 34 50 12 38 37 14 16 44 58 43 52 40 53 61 2 42 10 0 
34:34 33 14 49 16 43 50 37 38 58 46 44 52 12 40 53 61 2 42 10 0 
35:35 29 43 24 10 21 18 51 45 2 53 23 61 11 42 4 0 50 15 55 59 3 8 20 47 28 30 
36:36 59 39 37 40 15 3 8 45 23 21 18 20 24 51 29 11 4 55 35 28 
37:37 36 33 8 40 21 14 34 16 43 3 50 38 12 59 52 20 58 45 44 15 23 18 29 24 51 28 11 4 55 35 39 53 
38:38 58 44 52 
39:39 36 59 40 37 15 3 8 45 23 21 18 20 24 51 29 11 4 55 35 28 
40:40 15 36 37 52 59 39 55 0 8 3 45 23 21 18 20 51 24 29 11 4 28 35 
41:41 54 57 9 13 6 5 39 17 56 32 22 48 60 31 
42:42 2 10 0 61 53 47 30 19 7 
43:43 29 14 53 46 49 34 24 16 52 35 33 38 50 44 58 12 37 40 21 18 45 51 15 20 23 11 4 36 55 59 8 3 28 39 
44:44 38 58 52 
45:45 23 59 15 21 50 18 51 24 3 29 11 8 4 55 20 28 35 36 37 40 39 
46:46 49 
47:47 30 28 19 7 
48:48 57 39 41 5 9 54 13 6 56 32 17 22 60 31 
49:49 46 
50:50 42 16 33 14 12 34 2 38 44 10 43 58 52 0 61 37 40 53 
51:51 11 4 18 21 29 24 45 23 35 15 55 59 3 8 
52:52 38 58 44 
53:53 61 2 10 42 0 47 30 19 7 
54:54 41 13 19 1 57 9 26 7 5 6 27 32 17 56 25 30 22 48 60 31 39 
55:55 15 40 59 0 36 3 45 23 8 37 39 21 18 20 51 24 11 4 29 28 35 
56:56 6 
57:57 41 39 5 6 17 9 54 13 56 32 22 48 60 31 
58:58 38 44 52 
59:59 3 36 8 39 20 28 
60:60 32 
61:61 2 53 10 42 0 47 30 19 7 
