59 45
45 23
10 2
49 46
45 37
54 1
51 11
33 16
51 21
27 1
20 8
50 33
57 54
33 14
43 14
26 1
19 7
49 34
37 16
45 15
58 38
27 26
34 33
29 18
51 4
17 9
30 7
26 25
32 13
51 23
13 9
17 6
57 6
43 29
16 14
57 5
36 1
61 2
44 34
45 21
30 19
42 2
59 3
57 17
10 0
47 30
31 17
15 0
28 1
21 18
45 18
50 45
33 12
45 29
13 5
40 36
50 20
39 36
40 7
35 29
51 18
27 17
22 17
57 41
57 39
27 7
59 36
34 14
20 18
17 13
38 33
40 37
54 6
44 38
37 14
8 3
42 0
52 38
50 42
42 10
59 15
50 14
57 13
24 18
29 24
40 15
37 36
32 9
28 20
36 20
54 13
19 1
56 6
54 41
37 33
42 30
