13 6
14 3
17 1
24 14
24 15
28 8
36 23
37 34
38 16
38 20
40 14
40 33
43 38
44 2
44 20
45 8
45 24
47 10
47 20
47 28
51 24
52 14
52 29
52 40
54 7
56 5
57 48
59 8
61 53
8 3
13 5
30 19
50 42
32 9
29 10
20 8
22 17
34 33
54 13
54 19
29 24
41 9
54 41
54 1
13 9
38 33
51 11
56 6
61 2
54 6
51 29
29 21
30 7
19 7
59 36
27 25
57 41
59 45
37 36
42 2
9 5
27 26
21 18
33 16
43 29
42 10
43 33
37 8
37 14
57 39
41 13
47 30
9 6
24 18
51 18
37 21
16 14
43 14
57 54
34 14
44 38
10 2
42 30
45 23
37 33
20 18
39 36
45 15
17 9
50 16
26 1
38 14
50 33
58 38
59 3
51 21
