
1:1 32 12 5 11 22 25 26 13 18 24 6 7 17 
1:1 22 2 20 8 4 3 14 1 12 13 18 9 31 5 11 10 
1:1 32 12 5 11 22 25 26 13 18 24 6 7 17 
1:1 32 12 5 11 22 25 26 13 18 24 6 7 17 
2:2 22 20 31 18 
2:2 22 20 31 18 
2:2 22 20 31 18 
2:2 22 20 31 18 
2:2 22 20 31 18 
2:2 22 20 31 18 
2:2 22 20 31 18 
2:2 22 20 31 18 
2:2 22 20 31 18 
2:2 22 20 31 18 
1:1 32 12 5 11 22 25 26 13 18 24 6 7 17 
2:2 22 20 31 18 
2:2 22 20 31 18 
3:3 8 4 2 14 22 1 12 13 18 20 9 31 5 11 10 
2:2 22 20 31 18 
2:2 22 20 31 18 
1:1 32 12 5 11 22 25 26 13 18 24 6 7 17 
2:2 22 20 31 18 
3:3 8 4 2 14 22 1 12 13 18 20 9 31 5 11 10 
4:4 8 3 2 14 22 1 12 13 18 20 9 31 5 11 10 
5:5 11 1 12 32 22 25 26 13 18 24 6 7 17 
6:6 17 7 
7:7 17 6 
8:8 4 3 2 14 22 1 12 13 18 20 9 31 5 11 10 
9:9 31 33 16 19 21 23 15 34 27 30 24 28 29 26 25 32 10 3 14 
