98 77
100 32
100 39
87 20
110 83
69 50
86 80
78 51
109 1
68 50
32 21
77 51
68 15
93 82
49 32
33 0
71 54
35 34
20 17
63 59
65 63
26 12
105 45
40 3
85 12
35 19
96 48
35 30
43 26
101 58
108 4
68 21
61 43
109 79
104 87
45 44
72 3
105 37
28 4
34 18
42 29
33 19
109 89
23 22
1 0
64 9
94 82
41 40
94 80
109 103
74 5
107 40
69 4
41 8
69 24
52 40
80 79
41 4
113 76
16 4
50 11
66 65
106 32
35 0
114 88
65 17
76 56
76 66
97 58
100 47
40 7
25 1
62 45
69 28
76 75
95 69
88 67
108 22
75 44
83 53
104 72
106 2
110 67
38 26
23 16
85 6
76 27
90 24
45 1
27 26
88 73
79 35
44 19
95 27
103 102
23 4
30 29
101 1
93 16
14 12
104 11
95 56
32 6
83 73
106 64
54 39
98 5
63 42
89 45
60 39
21 20
77 21
24 11
70 27
91 66
11 10
76 70
105 1
73 46
63 58
38 14
82 30
72 40
60 6
60 59
5 3
26 3
33 1
98 84
107 72
67 41
79 29
97 59
43 12
39 6
28 24
22 7
71 31
79 43
94 19
112 75
89 37
102 74
106 39
85 14
110 24
74 52
95 17
76 59
105 103
103 37
72 10
86 53
75 57
103 70
109 37
55 54
61 34
107 81
79 55
90 5
106 25
66 48
114 49
114 58
95 76
54 31
75 20
90 69
16 0
38 28
113 70
78 23
99 54
107 88
105 80
68 22
113 96
111 78
86 44
85 43
95 37
109 105
111 51
92 75
71 18
109 33
57 1
81 40
64 2
100 6
110 49
87 62
75 48
97 63
88 58
4 0
65 56
104 41
108 7
90 28
82 81
101 79
80 37
11 3
104 0
108 9
41 23
69 11
108 68
11 5
101 19
87 86
89 55
48 44
47 6
87 17
64 32
67 46
70 62
78 8
93 4
51 8
99 85
47 39
82 39
108 78
62 20
81 72
89 1
68 8
86 48
94 55
6 2
30 19
112 96
108 51
41 0
96 87
43 42
22 8
83 67
104 67
77 7
55 31
61 47
84 74
53 46
102 3
27 17
73 7
10 5
66 59
46 21
112 92
99 61
70 69
56 27
50 24
29 19
100 64
102 40
68 67
53 49
85 80
108 21
7 6
74 40
36 12
114 46
93 9
104 4
62 56
96 20
98 81
18 12
54 34
101 51
97 86
89 88
60 2
112 63
98 10
111 64
81 16
74 10
57 48
47 32
88 69
57 44
114 73
53 25
88 46
85 31
38 18
111 23
110 80
78 68
27 1
100 2
82 77
86 57
38 16
107 84
93 41
54 38
49 46
105 62
102 100
67 49
55 30
55 6
107 102
114 15
36 20
65 20
74 73
100 99
51 22
97 11
64 6
45 25
110 53
58 6
54 14
84 83
105 89
32 13
71 14
113 28
109 45
32 31
92 48
70 65
95 87
93 91
97 5
65 0
86 75
105 33
83 49
66 44
101 35
89 33
71 60
87 56
47 15
74 2
47 22
44 30
106 15
65 27
83 81
106 13
107 98
95 70
91 48
112 57
36 18
92 86
78 7
59 36
112 44
42 18
90 50
100 15
64 47
68 7
85 38
43 38
79 19
37 36
92 66
43 31
107 75
94 29
102 72
81 3
91 57
31 18
98 52
103 33
92 91
111 8
96 27
102 52
39 15
79 30
9 0
106 60
15 14
91 69
96 56
9 4
51 21
60 13
64 63
17 16
112 91
77 8
63 27
94 30
91 80
113 17
54 18
33 25
66 24
105 25
99 89
83 69
21 7
104 93
114 104
72 52
45 13
43 14
38 12
74 3
87 65
60 10
9 8
70 56
21 8
78 22
102 98
98 97
60 47
111 46
51 40
99 31
98 40
86 66
113 20
3 2
53 48
111 21
71 38
51 50
84 81
112 52
50 28
78 28
107 5
85 26
100 82
84 3
76 62
84 24
37 1
74 72
52 3
57 56
58 3
47 2
23 9
37 25
15 2
37 33
106 92
43 36
96 76
91 86
76 20
57 42
60 15
32 15
67 16
99 34
73 67
103 89
82 80
5 4
95 62
103 25
82 7
101 94
19 18
113 95
110 46
61 26
91 29
84 49
109 25
61 18
79 31
81 10
96 17
92 61
62 17
71 34
90 0
