0:0 33 1 109 45 105 89 103 37 25 
66:66 92 48 86 75 57 91 44 112 
3:3 58 101 63 97 11 5 59 36 90 24 50 69 28 4 84 74 52 98 10 102 107 72 40 81 
69:69 90 24 28 50 11 
6:6 85 14 43 12 26 38 61 18 71 54 31 99 34 42 36 
72:72 10 74 102 107 40 98 52 81 84 3 5 
9:9 23 41 93 16 4 0 104 
75:75 57 48 92 86 66 91 44 112 
12:12 43 85 14 26 38 36 18 61 71 54 31 99 34 42 
78:78 28 50 51 68 22 108 7 21 8 77 111 
15:15 14 85 43 12 26 38 61 18 71 54 31 99 34 42 36 
81:81 82 77 98 10 107 84 5 74 72 102 40 3 52 
18:18 42 34 61 99 71 31 54 38 14 26 43 85 12 36 
84:84 83 49 73 67 110 46 114 53 88 
21:21 51 8 77 111 78 68 108 22 7 
87:87 17 95 113 96 20 76 62 56 27 70 65 
24:24 90 69 28 50 11 
90:90 24 69 28 50 11 
27:27 26 85 14 43 12 38 61 18 71 54 31 99 34 42 36 
93:93 16 23 9 4 41 0 104 
30:30 35 19 94 101 29 79 55 
96:96 112 20 113 76 75 17 87 95 62 56 27 70 65 
33:33 0 1 109 45 105 89 103 37 25 
99:99 61 31 71 54 18 34 38 14 26 43 85 12 42 36 
36:36 59 58 97 63 
102:102 107 72 10 74 40 98 52 81 84 3 5 
39:39 82 100 6 32 47 64 2 106 60 15 13 
105:105 33 109 1 45 89 103 37 25 
42:42 29 94 19 30 35 101 79 55 
108:108 68 22 78 7 51 21 8 77 111 
45:45 62 105 89 33 109 1 103 37 25 
111:111 8 21 77 51 78 68 108 22 7 
48:48 57 75 92 86 66 91 44 112 
114:114 104 67 73 83 110 46 53 49 88 
51:51 50 68 78 22 108 7 21 8 77 111 
54:54 99 31 71 34 18 61 38 14 26 43 85 12 42 36 
57:57 42 29 94 19 30 35 101 79 55 
60:60 59 13 106 15 39 32 6 47 100 2 64 
63:63 58 97 59 36 
