61 43
67 16
111 46
96 56
57 56
68 15
107 102
114 67
108 51
113 96
63 58
96 65
110 46
71 34
28 24
39 6
27 17
15 14
60 47
51 22
41 23
47 2
86 66
60 59
103 25
105 1
98 40
100 32
68 21
78 28
51 8
100 39
110 13
70 20
94 35
95 37
113 70
96 27
95 69
76 20
109 30
92 35
41 16
84 24
42 18
109 45
82 77
111 64
104 9
77 7
66 48
91 69
103 45
70 62
75 20
102 74
71 60
104 0
114 15
78 23
88 58
14 2
97 58
37 25
5 3
98 10
92 75
64 63
32 6
42 34
59 58
102 10
76 66
52 3
68 22
67 53
54 38
52 5
27 26
48 44
106 13
66 24
92 66
92 86
80 79
82 74
11 5
74 2
90 11
38 28
98 81
75 48
41 40
70 43
72 40
28 11
54 14
10 5
28 4
45 13
83 67
110 49
79 55
44 19
43 14
56 27
79 35
21 8
69 11
68 51
74 5
79 31
34 31
68 67
18 12
43 31
34 18
104 41
112 91
81 10
94 80
84 52
64 6
60 10
114 104
93 82
55 54
21 20
102 72
104 67
35 29
76 27
82 81
58 17
44 35
69 50
35 19
33 0
84 5
108 68
87 62
25 1
112 66
64 2
61 31
59 36
88 69
93 23
88 46
104 87
86 57
105 33
65 27
87 86
99 31
76 75
85 6
102 98
89 88
107 10
110 24
99 14
17 12
38 16
84 3
92 15
84 74
70 27
53 49
90 28
109 63
68 8
47 32
78 7
25 24
50 24
101 30
106 25
55 35
114 88
61 34
34 12
5 4
95 17
65 20
88 73
99 18
107 98
101 58
35 34
95 56
19 18
93 0
96 76
67 46
87 24
85 31
68 50
41 0
38 12
44 30
83 49
74 72
43 36
107 75
100 47
112 97
113 76
77 8
35 30
82 39
38 26
51 50
40 3
24 11
72 10
26 3
100 6
90 69
65 56
47 6
108 4
103 33
89 37
64 32
102 52
101 94
60 13
61 18
79 19
85 26
71 14
79 29
89 33
98 48
114 49
104 23
87 17
55 6
14 12
93 16
71 61
95 27
106 92
106 15
108 9
105 89
112 96
100 64
37 36
73 53
107 88
85 12
100 2
114 83
86 48
90 23
78 8
64 47
114 46
70 69
50 28
61 47
109 89
45 1
97 86
109 1
22 8
58 36
74 10
83 69
63 27
109 25
110 53
103 70
82 29
110 73
67 49
99 89
39 13
73 49
87 56
39 15
76 70
81 40
101 79
42 29
96 17
101 29
90 5
106 2
39 38
76 56
66 44
80 37
75 44
16 4
97 63
90 24
71 54
84 83
99 54
101 19
77 21
30 19
100 82
113 87
86 44
91 44
65 0
47 22
108 7
94 79
94 30
106 56
88 49
83 46
16 9
69 4
54 39
95 70
112 44
41 9
34 26
106 32
105 80
114 110
106 60
65 63
54 34
36 18
21 7
60 15
74 40
89 45
53 48
92 61
97 5
45 33
89 1
97 59
94 29
32 15
93 80
96 48
110 67
107 72
95 87
101 51
64 13
76 62
85 14
103 37
9 4
98 5
92 57
1 0
81 16
111 23
84 81
82 80
65 17
23 0
33 1
110 83
107 84
32 31
98 97
51 21
53 52
112 52
29 19
3 2
11 3
32 13
71 18
108 22
109 33
107 81
99 34
114 53
92 48
105 37
113 20
96 20
60 2
72 71
64 9
45 44
80 29
46 21
88 67
113 59
113 28
58 3
105 25
72 2
54 31
15 13
111 108
78 77
32 21
67 41
38 18
57 48
102 100
93 91
97 11
69 24
104 4
70 65
94 19
71 31
74 3
104 11
103 89
111 68
63 42
99 61
50 11
106 6
109 79
77 51
104 16
105 45
108 78
84 49
85 80
110 80
85 43
90 8
54 18
41 4
50 30
83 73
71 38
106 64
23 16
99 71
15 2
41 8
93 9
45 25
62 27
81 3
69 28
86 75
42 26
39 32
77 73
107 5
114 73
95 76
23 9
106 39
40 7
43 12
4 0
53 46
75 57
79 43
95 62
36 19
17 16
91 48
100 99
55 30
57 42
111 78
55 19
89 55
73 67
91 80
22 7
109 105
45 37
26 14
22 9
111 8
100 15
49 48
62 45
91 86
7 6
111 21
79 30
61 26
64 60
78 68
78 22
61 54
