8 7
13 12
13 2
22 21
47 46
55 29
62 61
75 66
77 22
78 50
81 5
84 10
88 83
88 53
89 25
94 34
100 13
101 55
103 1
108 77
110 88
111 7
111 77
113 65
16 9
45 44
32 6
103 89
32 31
68 51
105 45
62 27
74 40
43 12
76 62
98 52
60 6
112 44
73 67
102 10
31 18
110 24
84 74
77 8
86 75
61 31
91 86
26 14
45 1
81 72
82 77
114 46
112 75
65 63
96 87
100 64
114 67
110 67
61 26
114 110
68 22
90 11
62 20
109 103
87 86
47 22
21 20
39 32
26 3
23 16
86 48
39 38
20 17
65 56
67 53
75 48
38 28
104 72
76 20
57 48
79 35
78 22
62 56
106 6
73 7
51 50
108 22
106 60
72 10
39 15
114 104
40 7
97 63
87 17
105 37
106 25
9 4
53 46
33 1
102 74
104 87
47 15
91 80
112 63
97 11
90 50
112 91
30 19
70 65
42 18
44 19
76 56
42 34
71 60
89 45
98 81
84 3
111 8
69 28
43 31
72 3
43 42
64 47
85 26
51 40
71 18
98 84
34 26
82 74
73 49
30 29
50 30
80 79
76 75
54 31
108 68
100 32
85 14
45 33
89 37
106 32
87 65
94 29
33 0
95 87
78 51
91 48
99 61
71 61
42 26
60 15
93 16
99 71
9 8
15 14
39 13
54 14
65 17
66 44
42 29
91 69
98 40
103 37
77 73
92 91
85 80
82 81
74 5
83 69
114 53
107 72
49 48
38 18
58 3
100 47
76 70
74 52
99 18
103 45
86 80
96 20
86 57
82 29
5 4
95 17
78 77
80 29
97 86
113 20
68 15
92 15
105 33
109 45
63 58
60 39
78 68
73 46
95 56
55 54
52 40
101 30
83 81
113 59
82 30
74 10
86 44
97 5
109 1
57 42
54 38
27 26
15 13
111 108
41 23
36 12
16 4
99 14
106 39
66 48
114 73
107 98
93 80
60 59
84 83
83 67
92 75
98 97
69 24
41 8
58 36
22 7
49 32
95 70
21 8
34 31
113 17
106 56
23 22
47 32
65 27
74 73
91 44
25 24
62 45
66 59
38 16
33 25
39 6
76 59
107 40
110 80
67 16
47 2
71 31
71 54
98 10
67 41
101 58
107 102
108 4
35 19
106 15
112 96
99 54
55 6
9 0
79 43
55 30
73 53
112 66
51 21
94 80
78 28
91 66
88 69
94 35
110 46
101 35
75 20
102 40
78 23
88 49
64 63
97 59
90 24
69 4
72 52
76 66
106 92
90 23
101 19
82 39
103 70
55 19
74 72
70 27
92 57
37 1
88 46
75 57
35 0
43 26
98 48
64 60
109 33
86 53
60 13
107 5
107 84
83 46
100 2
113 95
61 43
81 16
83 73
64 9
90 0
57 56
60 47
110 83
41 40
105 89
55 35
43 14
90 69
72 71
108 21
41 9
107 10
86 66
11 3
109 30
79 55
81 3
92 66
60 10
94 19
85 6
111 64
70 43
5 3
23 9
82 80
70 56
93 23
19 18
95 69
85 43
57 1
60 2
96 27
89 55
36 19
92 48
91 57
11 5
38 14
61 18
96 76
80 37
49 46
105 80
35 30
66 65
95 27
22 9
93 4
99 31
