82 31
47 37
27 9
41 8
100 91
3 0
100 62
99 62
100 73
99 30
47 11
42 40
39 34
58 14
17 11
84 81
76 31
22 8
45 9
20 9
79 71
86 81
60 59
83 76
20 11
55 12
65 64
69 58
27 8
74 72
25 6
4 0
23 3
24 12
64 51
101 86
33 8
47 40
29 4
48 20
31 30
96 73
7 5
71 68
76 75
17 12
76 72
102 94
45 8
53 26
41 9
50 9
57 49
104 103
74 31
97 81
56 19
48 9
40 8
82 71
27 11
24 8
65 51
66 28
70 30
86 73
79 74
35 34
85 7
30 4
102 93
86 76
89 86
75 73
3 1
94 93
80 71
82 74
58 7
102 95
22 3
80 66
88 84
18 3
73 31
14 7
6 1
71 7
12 10
77 31
38 34
72 49
91 74
43 8
72 71
38 33
94 73
47 24
37 8
82 30
95 61
9 3
53 40
92 73
97 66
11 10
84 62
47 27
70 66
68 64
97 96
33 10
41 40
72 70
40 20
5 4
52 9
44 35
77 19
81 71
83 30
99 84
75 31
16 10
84 83
26 11
84 66
8 3
85 66
80 30
6 4
77 71
47 12
44 40
40 24
58 49
55 10
19 3
6 5
50 11
78 75
82 72
38 37
85 58
104 69
32 13
32 8
76 66
68 65
66 30
33 12
98 91
85 72
32 23
24 9
89 73
72 66
39 38
12 3
36 12
31 4
39 33
44 13
91 90
46 12
36 35
77 75
73 71
80 72
37 33
30 7
23 12
71 70
87 74
58 50
10 8
77 76
70 64
44 12
78 72
76 30
87 83
22 6
52 22
40 22
14 11
100 98
13 12
54 12
88 74
100 83
42 13
37 10
86 84
15 3
84 72
45 40
16 3
84 76
99 90
75 72
100 99
28 4
89 84
75 74
86 61
53 24
58 30
11 8
67 64
95 73
11 9
12 9
29 13
95 94
79 75
25 3
7 6
86 60
54 40
13 11
96 66
92 75
86 30
58 51
98 87
19 10
54 27
47 17
62 60
75 71
91 75
10 3
73 72
13 8
84 82
43 13
75 30
12 6
66 64
98 73
99 59
99 73
83 71
69 51
51 9
47 33
40 12
82 73
58 52
83 75
63 60
37 34
78 31
74 30
43 35
99 93
36 34
100 79
47 23
57 20
40 25
32 12
43 42
20 8
