98 77
99 18
65 17
109 79
96 76
65 56
35 19
106 25
28 4
110 83
91 86
101 55
87 24
77 7
54 38
68 8
100 39
49 32
61 31
107 88
33 0
74 10
82 39
88 83
99 54
70 69
105 89
76 66
75 66
109 89
34 31
88 53
45 33
89 88
89 25
101 1
16 0
80 37
111 64
65 20
113 20
74 3
100 99
64 47
54 34
64 6
86 53
71 54
45 13
95 87
104 41
60 15
97 11
59 58
62 45
98 81
99 14
37 25
67 16
77 21
102 72
57 44
99 85
87 65
111 21
93 23
73 49
69 11
82 81
90 8
57 1
96 17
5 4
73 46
113 17
78 8
70 27
71 34
71 61
114 58
104 87
112 97
105 1
23 0
91 29
104 72
32 6
50 11
78 50
100 2
102 100
101 79
47 22
43 26
61 54
108 9
71 60
109 1
16 9
70 43
69 24
71 31
78 51
61 43
78 77
43 31
36 19
65 0
101 94
63 42
68 67
87 17
111 8
81 72
70 20
88 69
94 79
66 48
102 52
81 3
23 16
91 48
85 38
61 26
87 20
30 29
77 8
108 21
39 32
101 19
97 86
67 41
41 9
96 27
112 57
41 8
76 27
7 6
97 5
41 4
88 58
113 59
92 57
104 4
100 13
98 40
100 47
114 15
48 44
47 15
14 12
41 16
111 77
111 78
45 25
105 33
53 52
108 7
101 35
20 17
55 19
18 12
61 47
65 63
92 86
38 28
47 6
72 40
55 31
22 8
79 29
94 35
38 12
92 66
95 62
57 48
76 20
9 8
49 46
92 61
62 56
69 28
69 50
25 24
98 52
98 5
101 30
91 57
41 0
65 27
111 68
90 28
108 68
55 29
107 72
94 82
114 67
107 5
78 7
99 71
21 8
35 34
109 105
39 13
74 2
74 52
73 7
72 3
98 10
105 80
113 28
38 14
34 12
100 64
113 95
108 22
91 66
37 1
96 87
95 56
97 59
63 58
27 17
95 17
105 62
51 8
88 46
93 4
28 24
62 61
51 50
21 7
60 10
91 69
63 27
15 14
86 66
103 37
53 48
86 75
93 9
96 48
104 67
90 23
22 9
47 32
84 5
90 0
64 32
90 69
85 26
103 33
84 24
58 3
76 56
73 53
106 64
100 82
17 12
22 21
112 44
62 17
60 47
97 63
82 80
1 0
105 103
85 80
32 15
88 49
95 37
114 73
89 1
102 3
27 26
55 6
17 16
107 10
11 10
93 16
6 2
112 66
90 5
64 2
100 6
110 73
56 27
107 102
36 18
55 35
76 59
44 19
110 67
67 46
106 15
42 34
35 0
38 18
11 5
77 73
114 49
113 96
14 2
75 44
108 51
53 49
47 46
103 25
27 1
79 35
74 5
66 24
111 108
23 9
109 33
63 59
110 13
24 11
38 16
108 77
109 103
35 29
110 80
67 53
76 70
81 16
74 40
102 40
73 67
74 72
32 31
84 3
93 0
108 4
109 63
84 83
87 56
82 77
40 3
99 31
68 21
51 21
44 30
68 51
110 46
82 74
33 25
66 59
94 19
104 9
98 97
74 73
103 1
101 29
77 22
110 53
86 48
21 20
83 49
82 7
4 0
106 13
70 56
102 98
64 9
62 20
11 3
81 10
46 21
54 39
81 5
19 18
10 5
107 81
83 46
75 48
84 81
25 1
29 19
112 91
43 36
103 89
43 12
37 33
5 3
72 71
45 1
89 55
44 35
92 91
96 20
31 18
113 87
66 65
104 23
71 14
112 96
60 13
78 28
114 104
114 53
77 51
105 45
109 30
41 40
88 67
102 74
64 13
54 18
39 15
114 83
59 36
36 20
39 38
76 62
94 80
95 76
81 40
91 80
93 91
94 55
109 25
101 51
71 18
82 29
69 4
71 38
57 42
55 30
96 56
113 76
86 80
52 40
13 2
85 14
50 28
60 59
52 5
75 20
75 57
94 29
53 46
92 75
109 37
85 43
104 93
50 30
101 58
112 52
3 2
93 82
30 19
37 36
99 89
112 63
82 30
90 11
61 34
60 2
105 25
36 12
23 4
72 10
87 86
106 2
112 75
72 2
106 56
110 88
85 6
40 7
92 15
96 65
60 6
107 98
58 17
67 49
80 29
84 49
38 26
76 75
114 46
107 40
95 69
93 80
32 21
113 65
61 18
100 15
109 45
79 19
