0:0 35 34 94 55 79 101 19 29 30 44 42 82 80 93 91 57 86 48 92 75 66 112 97 63 59 58 36 18 31 61 54 71 99 43 85 14 12 26 38 
66:66 24 28 69 50 11 90 
3:3 11 5 10 81 84 107 98 102 52 40 74 72 
69:69 90 11 28 24 50 
6:6 64 60 2 47 100 13 39 15 32 106 
72:72 74 40 102 52 3 5 10 98 81 107 84 
9:9 64 13 2 100 6 60 47 39 15 32 106 
75:75 44 112 57 92 91 48 66 86 97 
12:12 43 36 18 61 26 31 85 38 14 99 71 54 34 42 
78:78 7 108 111 68 21 51 77 8 22 
15:15 14 60 71 99 85 31 34 54 61 18 38 26 43 12 42 36 39 47 32 100 6 2 13 64 106 
81:81 107 10 98 84 5 52 102 40 3 74 72 
18:18 36 19 12 43 61 26 31 85 38 14 99 71 54 34 42 
84:84 49 83 88 67 114 73 110 53 46 
21:21 22 77 51 108 111 68 8 78 7 
87:87 113 65 17 20 96 56 76 95 70 27 62 
24:24 28 69 50 11 90 
90:90 69 11 28 24 50 
27:27 26 85 38 14 12 43 36 18 61 99 31 71 54 34 42 
93:93 23 104 9 4 41 16 0 
30:30 44 19 35 29 55 94 101 79 
96:96 48 57 112 91 92 66 75 86 44 97 
33:33 45 25 105 109 1 103 89 37 
99:99 85 14 71 31 34 54 61 18 38 26 43 12 42 36 
36:36 59 58 63 97 112 42 18 19 44 57 75 86 91 92 66 48 
102:102 52 98 40 107 72 74 10 81 3 5 84 
39:39 54 38 71 14 99 85 31 18 34 61 26 43 12 42 36 
105:105 33 45 25 109 1 103 89 37 
42:42 63 34 18 31 71 99 54 61 14 43 85 26 38 12 36 
108:108 7 78 111 68 21 51 77 8 22 
45:45 33 25 105 109 1 103 89 37 
111:111 68 8 21 51 108 77 22 78 7 
48:48 57 91 92 66 86 75 44 112 97 
114:114 73 110 53 67 49 88 83 46 
51:51 78 22 77 8 21 68 111 108 7 
54:54 39 38 71 14 99 85 31 18 34 61 26 43 12 42 36 
57:57 44 112 75 92 91 48 66 86 97 
60:60 47 6 2 64 100 13 39 15 32 106 
63:63 42 34 18 31 71 99 54 61 14 43 85 26 38 12 36 
