103 89
104 0
45 13
41 16
5 4
93 91
95 27
40 3
108 51
13 2
43 36
41 8
74 3
51 50
24 11
42 18
53 48
61 34
78 7
84 10
109 89
34 18
107 84
16 9
63 42
89 37
51 8
77 73
33 1
32 15
35 0
74 73
64 47
45 37
65 0
25 24
97 86
47 46
80 37
41 40
87 20
77 8
97 63
111 78
33 19
61 31
64 9
88 69
96 48
86 48
110 46
90 24
87 65
100 6
35 29
82 29
52 5
101 30
87 56
13 12
109 37
41 9
85 14
81 16
106 39
104 16
109 45
106 25
62 20
60 2
85 26
87 86
88 67
108 9
114 110
111 23
105 33
25 1
39 32
82 7
38 14
74 40
85 31
112 91
86 75
72 52
83 69
43 26
92 66
71 38
106 2
43 31
59 36
95 62
107 81
16 0
26 12
99 71
71 54
66 48
63 59
74 72
110 88
114 73
68 67
22 21
68 50
102 72
71 31
50 24
19 18
105 1
72 71
66 65
51 40
52 3
28 4
84 49
90 50
76 62
69 24
113 70
98 97
110 13
44 30
58 36
84 52
105 80
72 10
108 78
45 1
99 31
90 0
107 98
38 16
112 97
73 49
38 12
98 52
42 29
57 44
67 46
53 25
97 58
114 83
84 5
62 45
107 10
84 24
22 9
76 20
98 48
47 22
105 37
58 3
71 61
55 31
92 61
85 38
62 56
59 58
62 27
99 54
95 56
92 91
82 39
101 55
103 33
114 49
53 46
39 6
106 60
21 7
84 74
97 59
58 17
64 60
100 2
34 12
79 19
94 19
57 1
99 34
98 40
26 3
75 66
23 0
93 80
22 8
111 77
90 8
91 29
79 43
36 18
98 81
9 8
103 102
43 14
17 16
54 39
94 79
85 43
101 79
73 7
35 34
114 88
65 63
113 65
103 1
49 32
92 48
76 27
69 50
76 59
64 32
108 21
72 40
68 7
81 72
95 37
84 3
101 94
20 17
81 3
58 6
78 28
41 4
55 30
113 20
103 37
50 30
114 67
100 32
73 53
72 3
101 58
47 2
103 25
61 47
101 29
37 33
111 68
63 27
109 105
15 14
66 44
113 76
112 92
96 56
78 8
85 12
66 24
93 16
54 38
99 18
80 29
101 1
42 34
61 43
52 40
83 46
22 7
74 10
104 41
75 44
6 2
8 7
70 62
61 54
110 83
92 15
105 62
57 48
107 40
100 47
86 53
93 9
9 0
83 49
83 73
87 17
113 28
110 53
36 12
39 15
33 25
93 4
111 7
104 87
90 5
92 57
47 6
99 14
55 35
47 39
100 39
95 76
100 82
14 2
28 24
30 19
98 10
114 104
76 56
32 13
70 27
112 44
112 52
60 15
39 38
110 80
27 17
106 92
79 55
106 56
105 25
9 4
102 52
96 76
96 20
77 21
67 41
87 24
64 6
102 98
23 22
92 86
69 4
70 56
63 58
35 30
44 19
90 11
93 23
109 1
114 58
88 49
64 13
102 74
10 5
88 73
32 31
60 6
4 0
46 21
105 89
55 6
68 21
78 23
23 4
55 19
50 11
99 85
72 2
111 21
104 4
78 68
1 0
64 2
112 96
57 42
27 26
7 6
30 29
35 19
41 0
112 57
112 63
86 57
94 80
96 27
95 70
68 15
94 55
31 18
79 35
94 34
49 48
88 83
55 54
94 29
29 19
65 20
51 22
107 88
91 48
69 28
103 70
114 53
77 51
100 15
104 9
61 18
79 31
38 18
67 49
76 70
114 15
102 100
77 7
91 66
108 7
111 8
69 11
68 8
113 96
83 81
111 51
37 25
71 14
113 95
17 12
104 93
82 81
102 40
73 67
34 31
102 10
108 4
101 51
109 79
100 13
67 16
81 10
77 22
61 26
106 6
109 25
82 30
110 67
110 73
80 79
93 0
90 69
54 31
94 30
51 21
111 46
43 12
36 20
86 80
100 64
100 99
88 46
71 18
93 82
43 38
60 59
45 44
71 34
89 1
70 65
28 11
60 47
50 28
104 23
95 87
53 49
98 77
104 11
11 10
103 45
89 55
86 44
23 9
102 3
11 3
91 86
65 56
70 20
57 56
71 60
91 80
78 77
108 77
45 33
92 35
56 27
26 14
113 17
45 25
78 51
38 28
113 87
94 82
44 35
104 67
89 33
111 108
5 3
78 22
