15 13
15 2
16 4
34 26
41 23
42 26
43 42
54 14
60 39
64 63
68 22
79 30
83 53
83 67
87 62
89 45
91 44
93 41
98 84
99 61
106 32
107 75
110 24
110 49
60 47
57 44
82 30
112 75
80 79
3 2
113 17
53 46
33 0
79 31
79 55
32 31
92 15
78 68
94 79
87 56
76 20
30 29
94 55
67 49
92 66
82 74
112 44
61 43
44 19
76 59
54 39
81 40
41 9
45 25
85 80
79 29
111 68
77 8
87 20
53 25
101 51
93 16
47 46
77 22
89 55
108 9
68 21
34 31
44 30
42 34
1 0
26 3
102 3
61 47
9 4
91 29
89 37
103 89
92 57
83 46
95 17
72 52
107 81
92 61
23 16
67 16
6 2
28 4
45 1
51 21
26 14
90 24
86 53
102 10
107 102
84 10
82 39
93 80
100 32
54 31
64 6
110 13
77 21
92 91
102 40
63 58
65 56
47 2
72 40
84 81
74 72
63 42
82 29
101 29
25 1
81 5
65 17
114 46
85 26
99 14
62 27
40 7
65 0
46 21
102 52
99 71
100 13
96 56
71 14
97 86
104 16
95 69
113 87
109 1
100 2
42 29
101 58
76 62
38 26
43 31
64 60
97 11
81 16
83 81
82 80
52 5
111 21
55 30
41 16
68 67
114 83
111 8
72 2
94 34
27 17
91 48
35 30
82 77
112 92
98 48
84 49
38 16
86 44
86 57
81 10
99 85
100 82
5 3
105 37
52 40
74 5
60 15
99 34
18 12
62 45
26 12
66 65
93 4
64 9
102 100
68 8
43 12
36 18
39 13
37 1
35 29
105 33
113 70
102 74
107 84
51 22
94 19
109 33
103 45
99 89
41 4
101 79
71 31
71 34
56 27
88 67
66 48
87 86
33 1
78 7
104 0
9 8
86 66
57 56
21 20
96 65
90 23
28 24
55 54
75 48
51 40
102 98
114 58
61 54
31 18
108 68
114 73
112 52
108 7
106 15
92 48
95 56
43 36
100 39
106 25
113 76
66 59
13 12
91 57
105 1
106 6
104 23
22 21
78 22
61 26
41 40
42 18
73 49
108 4
96 20
15 14
101 1
75 20
92 75
108 51
45 33
96 87
114 110
114 88
104 4
13 2
49 32
71 60
44 35
113 65
39 6
111 23
76 66
101 55
88 53
57 48
88 83
59 36
54 34
64 13
94 35
109 105
11 3
52 3
100 15
90 69
104 87
17 16
96 48
69 28
112 97
93 0
10 5
70 43
32 21
89 33
114 53
47 39
105 89
69 4
60 6
106 92
70 65
98 10
35 0
95 62
109 103
39 15
72 10
36 19
91 66
28 11
89 88
85 31
19 18
57 1
104 9
91 86
41 8
105 62
66 24
105 45
40 3
23 22
27 26
114 104
43 14
96 76
58 6
55 35
47 32
17 12
50 24
101 94
109 25
67 53
60 2
14 12
109 63
88 58
78 51
23 9
111 46
85 38
80 37
104 93
97 58
11 10
110 73
30 19
103 1
100 6
84 83
35 34
87 65
58 36
108 22
104 72
98 52
58 3
75 44
112 91
61 18
39 38
107 40
111 108
112 96
4 0
93 23
68 51
99 31
74 40
83 49
105 25
106 39
114 67
105 80
101 19
