1:1 5 4 3 2 9 6 7 10 8 96
2:2 7 3 10 4 1 9 6 8 5 96
3:3 2 1 6 10 7 8 4 9 5
4:4 1 6 2 9 10 7 3 5 8
5:5 1 6 8 9 10 4 3 7 2 96
6:6 5 4 3 8 9 1 10 7 2 96
7:7 2 9 4 1 3 5 6 10 8
8:8 5 10 6 2 9 4 1 3 7 96
9:9 10 4 1 7 6 5 3 2 8
10:10 9 8 2 4 6 3 1 5 7 96
11:11 12 16 17 19 15 18 14 20 13 54
12:12 18 11 14 15 17 20 19 16 13 54
13:13 20 19 17 18 14 11 16 15 12 54
14:14 19 12 17 20 16 11 18 13 15 54
15:15 12 11 18 20 19 54 95 16 14 13 17 56
16:16 19 11 12 2 17 18 14 15 13 20 8
17:17 11 18 20 13 14 19 12 15 16 54
18:18 12 17 20 13 15 11 14 19 16 54
19:19 16 13 14 11 17 20 18 15 12 54
20:20 13 17 18 14 19 11 16 15 12 54
21:21 29 25 26 28 23 27 24 30 22 86
22:22 25 26 30 29 28 27 21 24 23 86
23:23 27 28 21 24 25 26 29 30 22 86
24:24 26 30 29 28 23 21 27 22 25 86
25:25 21 22 30 27 28 29 26 24 23 86
26:26 28 21 22 24 27 29 30 25 23 86
27:27 29 28 23 25 26 30 21 22 24 86
28:28 26 30 27 86 23 24 29 21 22 25 60
29:29 21 27 22 24 30 25 26 28 23 86
30:30 28 22 24 25 27 29 26 21 23 86
31:31 32 40 35 36 39 34 33 37 38
32:32 37 38 31 39 34 35 33 40 36
33:33 36 32 35 34 37 31 40 39 38 96
34:34 40 37 38 33 32 35 36 31 39
35:35 31 33 40 32 39 34 37 36 38
36:36 33 31 40 39 34 35 32 37 38
37:37 32 39 34 31 38 35 40 33 36
38:38 32 34 96 95 31 37 35 40 39 93 33 36 94 92 99 98 100 97 91
39:39 37 31 40 32 35 36 34 33 38
40:40 34 31 35 36 39 32 37 33 38
41:41 48 45 43 44 49 50 47 46 42
42:42 46 45 44 48 50 47 41 49 43 38
43:43 48 47 41 45 62 44 49 42 46 50 65
44:44 48 49 47 42 41 50 43 46 45 38
45:45 46 48 42 41 50 43 44 49 47 38
46:46 45 50 42 47 49 41 44 48 43
47:47 44 50 46 43 49 41 48 42 45 38
48:48 44 41 45 43 49 47 42 46 50 38
49:49 44 48 50 47 46 41 45 43 42
50:50 47 46 49 42 41 44 45 48 43 38
51:51 55 56 54 52 59 60 58 53 57 61
52:52 51 55 76 56 54 59 58 53 60 57 61
53:53 55 37 56 99 54 60 59 51 58 52 57 91
54:54 51 55 56 52 53 59 58 60 57 61
55:55 59 51 58 54 52 56 60 53 57
56:56 58 51 54 52 55 60 53 59 57 61
57:57 60 61 56 52 53 59 55 51 58 54 37
58:58 56 60 55 54 53 51 59 57 52 61
59:59 55 60 51 54 52 58 56 53 57 61
60:60 58 59 57 52 55 51 56 53 54 61
61:61 57 67 69 64 66 70 65 60 62 68 56 63 58 53 55 51 59 54 52
62:62 65 63 64 53 70 66 68 67 69 61 99
63:63 66 62 67 68 70 64 65 69 61 99
64:64 67 61 66 62 68 65 69 70 63 99
65:65 62 70 63 68 69 66 64 67 61 99
66:66 70 63 68 69 64 67 65 62 61 99
67:67 69 64 61 70 66 65 68 62 63 99
68:68 70 63 66 65 64 62 69 67 61 99
69:69 67 61 70 66 65 64 68 62 63 99
70:70 66 67 68 65 69 64 63 62 61 99
71:71 73 79 80 75 72 76 74 78 77 52
72:72 79 76 71 80 73 74 78 75 77 52
73:73 75 71 77 80 76 74 78 79 72
74:74 75 77 76 78 79 73 80 71 72 52
75:75 73 74 78 71 77 80 76 79 72 52
76:76 72 74 80 52 75 73 78 79 71 77 54
77:77 74 73 78 71 75 80 79 76 72 52
78:78 75 74 77 80 76 73 71 79 72
79:79 72 71 74 80 76 75 73 78 77 52
80:80 71 76 73 72 74 78 75 79 77
81:81 83 82 84 90 86 88 89 87 85 96
82:82 84 90 81 87 88 83 89 86 85 96
83:83 81 86 84 89 88 90 82 87 85 96
84:84 82 86 81 83 88 90 89 87 85 96
85:85 89 87 83 90 38 86 88 81 84 82 96
86:86 84 89 83 81 82 88 90 85 87 96
87:87 88 82 89 85 86 81 84 83 90 96
88:88 87 90 82 84 89 83 81 85 86
89:89 85 86 87 83 88 90 84 82 81
90:90 82 88 81 84 89 83 85 87 86
91:91 99 100 92 97 94 98 93 95 96 38
92:92 95 98 91 93 94 100 97 99 96 38
93:93 95 97 94 92 96 98 99 100 91 38
94:94 97 96 93 92 100 95 98 91 99
95:95 93 92 99 38 98 94 97 96 100 91 56
96:96 94 99 38 98 93 97 95 92 100 91 56
97:97 93 94 99 91 96 95 98 92 100 38
98:98 92 100 96 99 95 91 94 93 97 38
99:99 91 97 96 95 98 93 100 94 92 38
100:100 91 98 94 92 96 99 97 93 95
