0:0 90 33 41 93 16 23 9 4 104 
1:1 33 101 105 25 37 103 89 109 45 
2:2 106 64 100 13 32 60 15 39 47 6 
3:3 52 58 11 40 5 72 74 102 81 97 98 84 10 107 
4:4 41 108 93 16 5 23 9 0 104 
5:5 97 4 98 74 81 3 84 52 10 40 72 107 102 11 
6:6 58 106 100 39 47 32 64 15 60 2 13 
7:7 108 40 73 77 22 111 21 51 78 8 68 
8:8 90 41 51 68 9 77 22 21 108 78 111 0 50 7 23 4 16 93 104 28 11 69 24 
9:9 41 93 16 4 23 0 104 
10:10 102 107 11 98 72 81 40 52 5 74 3 84 
11:11 50 90 28 10 24 69 
12:12 85 26 43 34 38 42 14 61 18 54 99 71 31 36 
13:13 12 106 64 45 39 32 60 15 100 6 47 2 
14:14 85 54 99 71 31 38 18 34 61 12 26 43 42 36 
15:15 14 106 68 100 92 13 2 39 32 64 60 47 6 
16:16 41 93 17 38 4 23 9 0 104 
17:17 58 12 95 62 87 27 56 76 113 36 70 59 20 96 65 63 97 
18:18 42 36 54 71 12 31 34 99 38 43 61 26 14 85 
19:19 36 94 101 55 35 44 30 79 29 
20:20 36 96 113 75 65 70 76 87 17 27 56 95 62 
21:21 108 51 20 68 77 22 8 78 111 7 
22:22 108 68 23 9 77 78 8 51 111 7 21 
23:23 93 16 4 9 41 0 104 
24:24 50 90 28 11 69 
25:25 33 105 103 24 109 89 1 37 45 
26:26 42 12 34 38 18 43 85 14 54 99 61 71 31 36 
27:27 26 63 96 95 17 65 87 113 56 76 62 20 70 
28:28 90 113 11 38 24 50 69 
29:29 42 94 101 55 91 35 30 79 19 44 57 
30:30 94 101 55 35 109 19 79 29 
31:31 34 99 61 79 32 18 71 54 43 42 85 12 38 26 14 36 
32:32 31 106 64 100 13 39 2 15 6 47 60 
33:33 105 25 37 103 45 89 1 109 
34:34 26 12 31 99 61 18 85 71 43 38 54 14 42 36 
35:35 94 34 55 19 44 29 30 79 101 
36:36 59 43 19 20 70 79 18 12 113 58 76 42 97 63 94 101 65 29 34 17 96 55 26 35 27 30 87 31 38 95 56 62 61 54 71 99 14 85 
37:37 80 33 105 95 103 45 89 1 25 109 
38:38 54 26 28 71 43 12 14 18 85 34 61 99 31 42 36 
39:39 54 106 100 13 47 32 15 64 6 60 2 
40:40 102 107 52 41 98 81 72 10 84 3 74 5 
41:41 40 16 4 9 8 93 23 0 104 90 
42:42 26 43 12 38 34 61 18 85 71 14 99 54 31 36 
43:43 42 36 12 61 38 18 26 85 34 71 31 99 54 14 
44:44 48 75 57 112 35 66 92 86 91 
45:45 33 37 103 109 89 105 1 25 
46:46 83 73 49 53 88 110 114 67 
47:47 64 100 22 39 32 6 106 60 2 13 15 
48:48 57 66 92 44 75 86 91 112 
49:49 48 73 53 88 110 114 46 67 83 
50:50 90 11 24 78 69 28 
51:51 101 108 68 77 78 111 21 8 22 7 
52:52 102 112 40 98 72 107 74 3 10 81 84 5 97 11 
53:53 83 86 49 88 110 114 46 67 73 
54:54 14 99 38 39 18 71 85 12 31 34 61 26 43 42 36 
55:55 94 35 19 29 30 79 101 
56:56 96 57 95 62 76 27 70 87 113 17 65 20 
57:57 42 56 48 75 91 92 86 44 112 66 
58:58 59 97 63 36 112 
59:59 36 97 63 58 112 
60:60 59 71 10 106 64 13 2 39 32 15 6 47 100 
61:61 71 43 31 34 18 99 54 26 42 38 14 12 85 36 
62:62 56 105 61 95 17 70 27 76 87 113 65 20 96 
63:63 59 97 58 112 36 
64:64 63 106 100 13 47 32 2 39 60 15 6 
65:65 63 96 113 17 66 20 87 27 76 112 70 59 95 62 56 75 97 58 86 57 92 48 44 91 
66:66 48 75 112 24 65 86 92 44 57 91 87 96 20 56 76 113 70 95 17 27 62 
67:67 41 83 16 68 73 49 110 46 114 53 88 104 4 9 93 23 0 
68:68 108 51 78 22 111 21 8 77 7 
69:69 50 90 28 11 24 
70:70 113 43 103 62 65 20 76 87 17 96 95 27 56 
71:71 99 61 38 72 18 54 31 34 14 43 12 85 26 42 36 
72:72 102 71 107 52 10 74 40 84 98 81 3 5 
73:73 83 77 49 74 110 114 46 67 53 88 
74:74 102 52 10 5 73 72 3 84 98 107 81 40 
75:75 57 112 66 20 86 92 44 91 48 
76:76 56 96 113 75 95 62 20 70 87 27 17 65 
77:77 108 51 73 98 22 21 7 78 68 8 111 
78:78 50 28 108 51 68 111 22 21 8 77 7 90 23 9 4 41 0 16 93 104 11 69 24 
79:79 94 101 43 31 55 35 19 29 30 42 34 18 61 36 54 99 71 38 26 12 14 85 
80:80 85 105 93 37 110 82 33 103 89 1 25 109 45 
81:81 107 10 83 40 16 5 98 84 72 102 3 74 52 
82:82 80 94 93 100 29 30 91 79 101 55 35 19 44 
83:83 73 53 110 81 114 84 49 46 67 88 107 
84:84 107 52 10 83 24 5 98 81 74 72 102 3 11 40 97 
85:85 14 80 12 99 26 38 34 43 54 18 71 31 61 42 36 
86:86 97 75 57 91 66 112 92 44 48 
87:87 96 113 95 17 24 65 20 27 56 76 70 62 
88:88 107 49 53 69 110 114 83 46 67 73 
89:89 33 99 55 25 105 37 103 1 109 45 
90:90 50 28 11 24 69 
91:91 57 93 112 86 92 75 66 44 48 
92:92 48 75 57 91 61 112 66 86 44 
93:93 80 91 16 4 23 9 41 0 104 
94:94 101 55 35 19 29 30 79 
95:95 56 113 17 37 62 87 76 70 27 96 65 20 
96:96 56 113 112 65 20 87 76 70 17 27 63 95 62 
97:97 59 63 58 112 36 
98:98 97 107 48 52 10 40 102 5 81 84 72 74 3 11 
99:99 85 14 54 71 31 18 34 61 38 12 26 43 42 36 
100:100 99 64 39 47 32 82 6 15 13 106 60 2 14 85 54 71 31 61 38 18 34 43 12 26 42 
101:101 94 58 51 19 29 30 79 55 35 
102:102 52 10 103 40 72 74 107 98 81 84 3 5 
103:103 102 33 25 105 37 89 1 109 45 
104:104 41 11 93 4 23 9 0 16 90 28 69 50 24 
105:105 80 33 25 37 103 89 1 109 45 
106:106 64 13 39 32 6 60 47 2 100 15 
107:107 10 40 98 72 81 102 52 84 74 3 5 
108:108 51 4 68 77 78 22 111 21 8 7 23 9 41 16 93 0 104 
109:109 105 25 103 45 30 89 33 1 37 
110:110 80 83 24 73 49 53 114 46 67 88 
111:111 108 51 64 68 23 78 22 21 8 77 7 9 
112:112 97 63 59 58 36 
113:113 28 96 95 65 20 87 17 76 70 27 62 56 
114:114 58 83 73 49 53 88 110 46 67 
