83 46
78 50
92 91
94 35
45 37
104 4
110 83
107 75
90 69
113 76
85 14
54 38
68 67
96 76
63 59
35 19
92 35
89 37
43 31
35 29
104 67
84 3
36 20
23 0
49 48
32 21
82 39
110 46
70 43
95 27
32 15
54 14
106 2
44 30
64 2
98 48
63 42
95 17
89 45
83 53
109 63
20 17
110 88
43 38
70 69
104 93
82 77
91 44
68 21
112 75
35 30
11 5
94 34
45 25
83 49
33 19
78 28
90 11
35 34
25 24
101 1
27 17
50 24
75 44
92 66
44 35
77 22
36 18
108 21
99 89
62 20
90 28
57 44
35 0
72 3
86 44
74 40
55 19
94 55
93 91
47 6
60 15
51 22
78 51
18 12
64 13
77 73
70 65
42 18
51 21
42 29
107 88
90 23
72 71
106 92
100 82
26 14
19 18
9 4
101 94
30 29
60 39
78 8
104 23
97 59
107 40
114 15
110 49
84 24
16 4
47 46
43 36
11 3
71 61
114 110
111 23
82 81
108 7
111 64
27 1
84 81
111 46
101 30
32 31
38 14
67 16
109 1
106 6
88 49
28 11
95 37
23 9
59 36
60 2
76 70
101 79
87 24
68 15
100 99
84 49
58 17
23 16
78 23
108 4
53 25
69 4
110 80
34 12
104 72
78 22
103 89
26 3
51 8
101 58
60 6
103 45
76 56
50 30
65 63
39 6
26 12
7 6
113 20
112 57
90 24
65 20
81 40
30 19
41 40
109 79
40 3
39 15
47 32
83 67
89 25
97 58
95 69
34 31
85 26
105 1
63 27
61 54
25 1
107 81
17 12
15 14
113 65
68 8
109 105
94 29
64 63
96 17
106 60
65 17
55 30
102 74
87 86
60 10
9 0
74 72
74 52
112 92
57 42
84 10
48 44
69 28
57 48
34 18
33 1
94 30
91 48
112 63
61 18
80 79
89 1
111 78
102 72
73 49
114 58
93 82
99 85
84 52
100 2
82 7
113 95
113 70
113 96
47 39
92 57
103 37
84 5
91 86
71 60
67 53
23 22
8 7
95 76
109 103
4 0
85 31
22 9
96 87
106 15
64 32
76 62
106 32
99 71
101 51
101 35
9 8
71 14
64 6
65 27
84 83
67 46
79 31
96 27
110 53
111 51
88 69
70 27
64 47
108 68
15 13
43 42
81 3
27 26
71 38
62 56
90 8
92 15
61 43
59 58
91 29
114 88
67 49
81 16
81 72
94 19
110 24
79 30
103 102
69 11
61 34
5 4
39 32
102 100
36 12
37 33
77 21
64 60
16 9
56 27
110 13
105 62
68 22
62 61
114 46
11 10
92 61
81 5
103 70
91 69
91 80
81 10
86 57
87 17
72 40
66 44
79 35
66 59
79 29
77 8
99 14
94 79
85 12
89 55
67 41
100 15
42 26
53 48
73 67
21 7
68 7
92 86
92 75
53 49
32 6
99 31
93 4
98 97
96 65
79 19
23 4
83 69
49 32
57 56
68 51
73 46
55 6
99 54
33 0
83 81
111 68
97 11
102 40
114 49
17 16
58 3
104 41
46 21
101 19
45 33
71 54
50 28
111 77
90 0
74 73
41 4
29 19
10 5
53 46
76 20
37 1
50 11
90 50
109 45
96 56
