82 31
97 66
57 56
102 94
91 90
102 95
30 7
12 10
83 30
100 66
6 4
78 31
91 75
11 8
47 37
42 39
104 67
67 65
54 23
10 3
69 51
22 3
100 79
31 30
73 30
73 71
33 10
90 72
78 74
86 60
18 3
16 3
6 5
99 60
36 12
66 28
21 3
10 6
19 3
53 20
54 41
33 23
86 73
84 82
42 8
82 74
95 94
47 24
23 21
22 6
24 8
67 66
14 12
23 3
75 71
62 59
6 1
66 30
72 71
56 11
97 86
8 3
53 24
47 41
86 30
40 27
76 31
82 76
79 30
63 59
1 0
43 13
74 30
24 12
56 19
97 81
38 10
83 75
37 34
75 70
87 84
7 5
73 31
70 64
46 12
92 75
97 73
95 73
40 8
44 13
47 33
83 73
93 86
97 84
40 26
76 72
12 8
29 4
40 39
102 93
100 99
66 64
5 3
71 7
101 94
35 10
15 3
22 11
29 13
67 64
68 64
47 11
73 72
86 81
47 27
41 27
77 71
47 9
77 19
88 66
103 67
27 9
40 24
5 0
80 72
40 12
12 11
17 13
57 48
61 59
5 1
83 76
49 20
58 50
29 11
20 9
77 58
84 75
13 8
74 73
53 40
15 12
2 0
3 0
6 0
54 40
84 74
99 93
22 8
57 13
96 73
4 2
45 26
39 38
47 46
100 84
7 6
45 8
13 12
102 46
40 22
7 2
56 43
87 72
26 14
89 66
76 66
93 66
35 8
32 12
11 3
41 40
86 72
87 83
51 9
16 15
58 7
47 42
92 73
104 69
38 35
39 35
77 30
17 3
101 61
76 49
39 33
12 9
83 71
77 76
42 13
70 30
23 8
78 75
87 74
33 8
12 6
63 60
58 30
18 6
38 33
69 64
85 58
85 65
43 8
65 64
75 73
88 74
68 65
99 63
99 74
16 10
84 76
72 28
91 79
25 14
13 11
93 73
37 8
69 65
75 30
75 74
18 12
47 36
23 12
17 12
89 73
31 4
98 74
47 13
43 35
42 40
40 35
11 9
70 66
76 71
91 31
45 9
47 40
86 66
26 11
21 8
9 8
39 10
77 75
24 3
58 51
91 72
58 49
37 35
89 72
64 58
65 51
94 93
47 26
97 96
99 66
72 66
40 25
45 11
101 100
69 58
84 66
82 73
55 10
