0:0 1 2 5 4 6 29 7 28 18 
1:1 0 5 2 4 6 29 7 28 18 
2:2 0 5 4 1 6 29 7 28 18 
3:3 16 18 21 1 17 25 0 5 22 6 2 15 4 7 29 28 14 11 10 26 55 19 45 12 56 13 8 43 44 40 32 42 24 35 47 39 53 23 20 9 33 27 41 46 54 38 37 36 50 34 57 48 49 
4:4 28 2 29 0 5 6 1 7 18 
5:5 1 2 0 7 4 6 29 28 18 
6:6 18 1 29 25 22 0 4 5 2 28 7 
7:7 2 85 5 0 4 1 6 29 28 18 
8:8 46 32 44 42 45 37 22 24 33 23 27 35 13 40 47 12 43 38 39 11 10 54 3 9 41 26 17 21 20 34 14 25 16 36 53 15 18 50 55 6 48 29 19 57 56 49 1 
9:9 50 48 52 51 45 41 49 58 20 57 64 69 65 68 67 104 85 103 
10:10 16 19 37 38 39 33 35 34 55 15 36 
11:11 50 29 17 45 22 26 14 9 3 47 13 25 8 24 27 40 12 42 20 21 46 52 23 41 54 44 32 53 33 36 18 43 35 6 39 10 38 34 37 16 15 55 48 19 57 56 49 1 
12:12 18 55 46 15 32 44 54 38 41 14 24 33 23 8 47 10 3 27 40 39 36 9 37 35 34 26 13 16 42 45 11 17 21 43 20 53 22 50 19 25 56 6 29 57 48 49 1 
13:13 29 43 17 44 42 35 56 11 8 57 40 47 45 27 26 20 39 37 22 46 24 53 9 12 41 34 33 3 54 38 23 10 36 14 32 48 21 25 16 18 50 15 6 19 55 49 1 
14:14 7 26 25 58 85 6 50 2 52 53 51 22 65 5 64 9 69 68 0 1 4 67 24 3 104 29 103 11 18 20 45 21 48 40 17 49 8 47 27 13 41 23 12 57 54 44 32 42 46 33 36 43 10 35 39 56 16 38 37 15 34 55 19 
15:15 16 55 19 10 56 57 48 49 20 
16:16 15 55 19 10 56 57 48 49 20 
17:17 13 11 47 29 42 45 26 27 50 12 46 36 43 44 8 40 41 9 54 14 23 56 24 32 3 53 35 20 21 33 22 18 25 39 10 37 6 38 34 16 19 57 15 48 55 49 1 
18:18 6 1 29 25 22 0 4 5 2 28 7 
19:19 55 56 57 15 16 48 49 20 
20:20 48 49 53 57 56 
21:21 23 3 10 16 19 33 8 15 11 27 18 1 12 32 17 55 13 54 14 47 6 22 38 37 46 24 9 26 25 41 29 44 40 39 42 45 35 20 53 34 36 43 50 48 56 57 49 
22:22 52 25 6 18 1 0 5 4 2 29 7 28 
23:23 32 54 33 27 21 8 41 47 12 40 37 46 24 44 13 36 42 45 38 10 35 39 26 9 11 34 17 43 14 53 3 20 22 16 18 50 25 15 48 29 6 55 19 57 56 49 1 
24:24 53 9 26 20 40 45 48 47 41 49 14 8 27 50 11 54 57 42 46 36 12 13 23 17 56 22 3 44 32 43 25 21 33 35 39 18 10 37 38 34 16 19 6 15 29 55 1 
25:25 22 6 18 1 0 5 29 4 2 7 28 
26:26 53 45 14 24 11 9 40 47 20 50 8 27 41 42 46 48 22 13 3 12 17 25 54 44 23 43 21 32 36 18 33 57 56 49 35 39 10 37 38 34 16 19 6 15 29 55 1 
27:27 54 41 23 47 32 36 33 12 40 8 46 24 39 44 13 42 35 17 43 45 9 26 11 38 53 37 34 10 20 14 50 3 21 48 22 16 18 25 57 15 56 49 55 19 6 29 1 
28:28 4 2 29 0 5 1 6 7 18 
29:29 4 6 0 5 28 18 1 2 7 
30:30 80 93 70 77 4 79 82 58 99 86 66 75 71 73 76 31 84 72 74 90 100 60 64 28 50 81 102 61 63 91 83 78 97 89 62 59 96 101 88 92 94 87 98 95 68 85 65 49 67 69 51 104 103 52 
31:31 78 77 91 82 76 74 75 71 72 30 98 79 73 70 80 87 83 92 84 90 100 99 66 96 86 89 97 93 88 81 101 28 94 102 95 62 60 61 63 59 
32:32 23 33 54 21 8 27 12 37 41 10 38 47 46 39 44 55 35 36 34 40 15 42 13 19 43 17 16 3 24 45 11 26 9 18 14 20 53 56 50 22 25 57 6 48 29 49 1 
33:33 38 39 23 32 37 34 10 35 36 21 8 44 12 43 42 13 46 55 15 47 16 40 19 41 54 17 24 27 3 45 11 26 9 18 14 20 53 56 50 22 25 57 6 48 29 49 1 
34:34 36 37 38 35 39 33 10 16 15 55 19 
35:35 43 44 37 38 39 34 10 33 36 42 8 13 32 21 23 12 40 47 46 55 15 41 54 24 17 27 16 45 11 3 26 9 53 14 22 18 20 25 50 19 56 6 29 57 48 49 1 
36:36 34 41 35 37 38 39 33 10 16 15 55 19 12 44 32 8 23 54 21 46 27 43 47 40 42 13 24 3 17 45 11 26 9 18 14 20 53 56 50 22 25 57 6 48 29 49 1 
37:37 34 38 35 10 39 33 36 16 15 55 19 
38:38 34 37 39 33 35 10 36 16 15 55 19 
39:39 34 42 38 33 37 35 10 43 36 16 15 55 19 56 
40:40 53 25 44 54 42 45 39 41 26 47 27 35 24 8 13 22 43 11 23 36 12 9 46 14 32 3 17 33 20 34 38 37 21 10 18 16 50 15 6 48 29 55 57 56 19 49 1 
41:41 36 54 27 47 23 40 33 46 12 32 8 42 45 13 24 44 39 26 9 11 53 35 17 43 14 20 3 38 37 34 50 10 21 22 18 25 16 15 48 55 57 6 29 56 19 49 1 
42:42 43 39 13 35 56 40 29 17 44 57 34 38 37 36 47 8 33 41 45 10 12 46 11 32 54 24 23 27 26 9 21 20 3 53 48 14 22 16 18 50 19 25 15 55 6 49 1 
43:43 56 42 57 19 13 55 48 29 15 16 49 20 10 11 39 17 3 35 21 8 38 12 44 9 34 37 33 14 24 40 32 45 18 47 26 23 27 22 53 41 54 25 36 6 46 50 1 
44:44 35 13 40 43 42 39 8 29 53 17 25 54 45 37 47 26 34 38 22 24 27 41 33 12 11 36 23 10 32 3 9 46 21 14 20 16 50 18 15 6 48 55 57 56 19 49 1 
45:45 26 9 11 14 50 47 20 27 24 8 48 29 40 41 3 53 49 46 13 17 12 42 57 54 22 44 21 23 25 32 36 33 18 43 56 35 6 10 39 37 38 34 16 19 15 55 1 
46:46 102 95 94 93 61 101 
47:47 46 36 17 42 45 41 26 33 24 40 8 12 53 9 11 13 39 27 44 20 14 32 54 23 43 50 38 35 3 34 37 21 10 22 18 25 16 15 6 48 29 55 57 56 19 49 1 
48:48 57 49 20 56 
49:49 48 57 20 56 
50:50 58 52 85 51 65 64 69 68 67 104 103 
51:51 69 65 64 68 67 58 52 104 85 103 
52:52 22 51 58 64 69 65 50 68 67 104 85 103 
53:53 26 24 20 40 48 45 57 49 9 56 47 11 27 50 41 14 17 54 8 13 3 12 23 42 22 44 21 43 32 25 46 36 18 33 35 39 10 37 38 34 16 19 6 15 29 55 1 
54:54 41 23 27 47 32 36 33 12 40 8 46 24 39 44 13 42 35 17 43 45 9 26 11 38 53 37 34 10 20 14 50 3 21 48 22 16 18 25 57 15 56 49 55 19 6 29 1 
55:55 15 19 16 56 10 57 48 49 20 
56:56 57 19 55 48 49 15 20 16 
57:57 56 48 49 20 
58:58 50 52 85 51 65 64 69 68 67 104 103 
59:59 61 63 62 60 99 
60:60 63 59 62 99 
61:61 95 59 63 62 60 99 
62:62 59 60 63 99 
63:63 59 60 62 99 
64:64 68 69 67 51 65 104 58 103 52 85 
65:65 68 69 67 85 64 104 51 103 58 52 
66:66 80 88 85 96 97 89 93 70 64 100 99 73 84 72 90 86 30 62 67 65 68 60 74 101 81 82 79 83 94 28 92 75 71 87 91 76 63 59 98 31 78 61 77 95 102 103 104 69 58 51 52 
67:67 103 104 
68:68 65 64 69 67 51 104 58 103 52 85 
69:69 104 51 65 64 103 67 68 
70:70 90 64 71 75 68 72 77 78 79 82 83 92 76 81 31 74 30 91 84 73 87 86 80 66 98 97 100 89 96 99 88 93 101 28 94 62 60 63 59 102 61 95 
71:71 68 81 78 70 77 7 79 75 30 74 64 72 31 2 58 90 91 82 76 80 85 65 92 73 87 4 49 83 66 98 84 28 69 51 100 86 97 89 88 67 96 99 101 93 94 104 52 62 103 60 63 59 61 102 95 
72:72 28 80 88 90 78 85 87 89 70 91 66 74 98 71 75 79 82 31 73 92 83 30 76 84 100 86 77 99 96 97 93 81 101 94 102 95 62 60 61 63 59 
73:73 92 95 98 96 97 89 94 93 102 66 86 100 84 101 81 99 88 61 62 60 87 59 63 83 74 72 30 91 79 90 80 75 82 76 71 70 31 78 77 28 
74:74 78 87 91 79 31 99 88 98 100 72 75 84 90 71 30 82 73 70 83 76 77 66 80 89 62 86 96 92 93 97 81 60 101 94 63 59 61 28 95 102 
75:75 92 70 77 83 79 82 31 76 71 30 91 72 73 74 78 80 87 90 84 98 100 89 88 66 99 86 96 93 97 81 101 28 94 62 60 102 95 61 63 59 
76:76 77 83 49 82 31 53 75 71 30 48 20 57 78 70 79 74 73 72 91 92 84 80 87 90 98 100 89 88 66 86 99 93 96 97 81 101 28 94 102 95 62 60 61 59 63 
77:77 19 31 58 76 49 75 30 82 50 55 56 52 78 71 74 83 57 70 51 92 72 73 79 64 48 80 91 87 68 69 84 66 65 85 98 89 88 90 100 67 86 99 96 97 81 101 93 94 104 28 62 103 60 102 95 61 63 59 
78:78 31 71 74 75 82 77 91 79 68 81 76 72 30 83 70 73 80 84 87 92 98 86 90 97 89 66 100 88 96 99 101 93 94 28 102 95 62 60 61 63 59 
79:79 91 100 71 74 98 75 78 72 83 31 68 81 82 73 76 87 84 70 77 30 92 90 96 86 97 66 89 99 80 88 93 101 94 28 62 60 102 95 61 63 59 
80:80 30 66 93 70 99 67 86 88 85 96 97 89 28 74 73 72 84 90 81 100 64 103 65 60 79 62 82 101 87 91 98 83 94 68 71 75 76 63 78 59 104 31 92 61 69 77 95 102 58 51 52 
81:81 97 86 61 101 95 94 102 96 93 84 73 100 89 66 98 83 87 88 99 92 74 62 60 72 59 63 91 90 79 30 28 75 80 70 71 82 76 31 78 77 
82:82 31 76 71 75 30 77 83 74 78 70 79 73 80 92 72 91 84 87 90 98 100 89 88 86 66 99 81 101 97 93 96 28 94 62 60 102 95 61 63 59 
83:83 87 100 76 75 84 98 77 79 71 82 31 91 92 73 72 74 78 30 96 89 70 86 101 66 88 97 80 81 90 93 99 94 28 62 60 102 95 61 63 59 
84:84 101 87 96 97 60 89 79 82 100 99 76 86 66 73 62 83 72 81 74 30 63 94 75 93 88 71 59 98 80 91 31 78 70 77 92 90 61 28 95 102 
85:85 65 7 58 51 69 68 14 64 52 67 104 103 
86:86 81 61 101 97 95 94 102 96 93 84 73 100 89 66 98 83 87 88 99 92 74 62 60 72 59 63 91 90 79 30 28 75 80 70 71 82 76 31 78 77 
87:87 98 83 100 91 101 96 84 79 94 73 74 97 95 75 89 86 72 81 61 66 92 82 88 31 76 71 30 78 93 90 70 99 80 77 102 28 62 60 59 63 
88:88 89 66 72 80 28 85 86 90 70 84 74 78 73 97 30 71 99 87 96 75 82 93 92 91 101 79 100 31 76 83 81 98 77 94 102 95 62 60 61 63 59 
89:89 88 86 66 97 72 93 84 80 81 61 101 73 96 94 100 95 30 92 28 99 82 74 102 76 90 79 83 62 75 71 87 91 60 70 98 31 59 78 63 77 
90:90 70 64 68 69 67 66 65 104 51 103 58 85 52 50 
91:91 98 79 31 90 74 100 75 78 87 72 83 71 82 70 73 76 84 77 30 92 99 80 96 86 89 66 88 97 81 93 101 28 94 62 60 102 95 61 63 59 
92:92 75 73 83 82 31 95 71 72 74 98 96 97 89 78 84 76 91 87 79 88 70 77 100 30 66 86 81 94 80 101 93 90 99 102 61 28 62 60 59 63 
93:93 102 99 94 95 63 46 90 101 59 61 60 62 
94:94 102 95 101 61 93 
95:95 61 94 102 101 93 
96:96 97 100 94 101 73 84 66 102 81 95 98 86 93 89 99 83 87 61 88 74 62 60 59 63 30 91 79 72 90 80 75 70 82 28 71 76 92 31 78 77 
97:97 81 96 86 84 61 101 100 94 89 60 73 62 95 66 59 99 63 93 88 102 98 83 87 90 74 91 72 79 28 92 80 82 30 75 71 76 70 31 78 77 
98:98 87 91 100 83 79 74 101 84 75 96 73 31 82 72 78 62 71 76 92 94 30 99 89 86 77 66 88 70 93 80 90 97 60 81 28 63 59 61 102 95 
99:99 63 90 59 62 60 
100:100 98 101 96 62 83 91 87 84 79 94 73 74 97 95 99 75 60 63 59 86 92 82 31 30 93 102 61 76 66 81 72 71 89 78 88 90 70 80 77 28 
101:101 94 61 95 102 93 
102:102 46 94 95 93 61 101 
103:103 104 67 
104:104 103 69 67 65 64 51 68 
