102 95
71 68
37 10
38 33
75 74
46 12
57 13
12 11
39 35
41 27
78 71
99 63
82 76
18 12
96 94
66 64
97 66
84 82
49 31
83 71
6 1
32 12
87 74
72 49
100 83
22 3
10 8
72 70
76 53
103 67
32 13
23 8
26 3
14 11
63 59
94 84
24 9
45 8
32 23
100 98
54 40
70 66
84 74
56 43
36 34
16 10
62 59
49 9
23 3
83 75
102 94
76 75
71 70
17 13
40 8
32 8
55 19
7 5
33 10
16 15
42 8
69 51
42 40
43 8
99 30
77 30
97 86
80 30
80 66
29 4
13 11
4 2
102 93
89 66
77 19
14 9
46 8
13 8
64 51
7 2
89 88
40 13
61 59
55 15
20 8
73 72
85 66
54 27
29 6
53 40
38 37
65 64
58 50
45 26
57 49
104 67
38 10
101 100
24 8
95 61
86 66
35 34
87 83
43 35
54 41
39 33
28 4
71 7
43 42
29 11
41 9
38 12
97 84
85 7
7 6
74 66
23 12
91 72
65 58
27 3
90 72
21 11
97 81
15 10
99 66
92 72
68 64
76 49
80 71
83 30
54 12
87 72
54 23
25 22
100 96
98 91
10 6
27 11
17 11
39 10
77 75
85 65
70 64
20 9
64 58
55 12
75 70
78 75
26 14
99 84
93 66
74 31
67 65
33 23
44 12
80 72
40 27
25 3
88 84
66 30
12 8
14 12
60 59
47 40
79 74
14 7
91 31
41 12
82 31
79 75
73 31
63 60
10 3
99 74
88 66
100 62
18 3
5 3
26 24
64 52
74 73
12 9
29 13
52 51
76 30
18 6
96 66
40 20
37 33
47 23
5 4
68 65
50 11
37 34
77 31
77 58
27 9
39 12
9 8
47 41
24 3
75 71
93 73
74 72
47 45
91 75
84 60
13 3
5 1
85 72
14 8
89 73
82 74
93 30
104 103
27 8
24 12
47 33
99 93
58 51
95 94
99 60
99 59
21 3
44 8
13 12
79 30
11 10
39 38
53 26
85 58
44 13
38 35
16 3
12 6
55 10
95 73
67 64
33 32
99 73
17 3
88 72
12 10
31 30
94 73
86 81
42 13
21 10
4 0
74 30
42 39
58 49
22 11
22 8
82 75
22 6
73 66
82 73
78 31
90 66
40 25
9 3
6 4
45 11
97 96
