3 1
5 2
12 3
14 3
19 10
20 3
20 11
24 20
25 6
26 8
27 23
30 4
33 12
36 35
38 34
39 34
41 8
41 36
44 40
44 35
45 40
47 12
47 17
48 9
48 20
49 48
50 9
52 9
52 22
54 47
57 20
58 14
58 52
62 60
63 62
67 30
68 58
74 71
75 72
75 31
78 72
79 71
79 72
81 71
82 71
82 72
82 30
84 72
84 73
84 30
84 62
84 79
84 81
84 83
86 84
86 61
86 76
89 84
89 86
90 70
91 74
96 84
98 73
98 87
99 62
99 90
100 73
100 86
100 91
101 84
101 86
16 3
99 60
67 64
95 61
78 71
79 74
80 72
53 24
75 74
92 72
42 40
37 8
86 66
60 59
70 64
5 0
49 31
14 9
100 62
37 35
66 64
29 4
46 8
47 41
78 31
17 3
15 12
47 45
40 8
33 32
75 71
100 98
40 35
57 49
79 75
65 64
73 71
99 30
14 8
86 60
47 27
104 69
77 75
83 76
88 66
65 58
74 66
63 59
5 3
100 83
85 7
85 58
73 72
99 84
54 12
102 93
28 4
76 75
54 41
87 84
66 28
75 30
47 13
6 5
74 30
11 10
22 11
4 2
17 11
97 86
3 0
10 8
92 73
47 23
9 8
29 6
58 49
41 9
54 40
91 90
84 66
86 72
24 3
47 36
41 12
16 15
64 52
56 43
80 66
99 93
84 60
99 63
72 28
44 8
96 94
99 74
39 12
24 12
58 51
11 9
47 40
95 73
13 3
91 79
97 66
40 24
76 71
39 33
38 37
39 10
14 7
78 74
55 15
58 7
58 50
77 19
9 3
98 91
57 56
82 73
46 12
4 0
40 13
21 11
86 73
18 6
27 8
54 23
41 40
7 5
21 3
100 79
90 72
103 67
45 11
6 4
94 73
76 66
99 73
44 12
97 84
58 30
87 83
75 73
96 66
69 64
42 13
47 24
43 13
57 48
42 8
12 11
43 35
24 8
42 39
63 60
92 75
54 27
104 103
77 76
68 64
73 30
84 76
24 9
55 19
40 27
33 8
44 13
39 38
25 3
76 72
17 12
76 31
33 10
47 9
74 31
15 10
84 75
40 26
77 71
64 51
12 8
71 70
80 30
17 13
79 30
12 10
37 10
45 9
36 34
84 74
102 46
101 100
8 3
