1 3 10 14 15 16 17 20 22 24 29 
2 4 5 8 9 11 12 13 15 17 18 19 21 23 24 28 29 76 
1 3 4 5 6 9 10 13 15 16 18 19 20 22 23 26 27 28 29 30 65 
2 3 9 10 11 12 13 15 16 22 25 29 30 76 
2 3 5 6 9 11 13 15 17 18 19 21 22 23 27 28 46 66 
3 5 6 10 13 15 18 20 22 25 26 27 28 30 91 92 
11 14 15 16 17 19 20 22 24 25 26 29 30 
2 8 9 10 11 14 16 18 19 20 23 25 26 27 28 29 
2 3 4 5 8 11 12 13 14 16 19 20 21 25 28 33 96 
1 3 4 6 8 12 13 14 15 16 19 21 24 26 27 28 29 30 52 
2 4 5 7 8 9 11 13 15 16 18 19 21 22 23 24 25 28 29 30 85 
2 4 9 10 15 19 20 23 25 26 27 30 
2 3 4 5 6 9 10 11 14 15 18 20 23 24 26 28 29 
1 7 8 9 10 13 15 16 19 23 25 27 28 30 46 
1 2 3 4 5 6 7 10 11 12 13 14 18 22 28 49 
1 3 4 7 8 9 10 11 14 17 19 21 22 23 24 26 28 55 83 
1 2 5 7 16 19 20 21 24 25 28 29 30 
2 3 5 6 8 11 13 15 18 21 25 26 28 30 34 57 72 100 
2 3 5 7 8 9 10 11 12 14 16 17 23 24 27 29 30 63 
1 3 6 7 8 9 12 13 17 22 23 26 27 
2 5 9 10 11 16 17 18 21 22 23 25 26 28 
1 3 4 5 6 7 11 15 16 20 21 26 27 
2 3 5 8 11 12 13 14 16 19 20 21 26 27 29 30 
1 2 7 10 11 13 16 17 19 24 28 30 42 
4 6 7 8 9 11 12 14 17 18 21 25 27 29 
3 6 7 8 10 12 13 16 18 20 21 22 23 28 29 30 89 
3 5 6 8 10 12 14 19 20 22 23 25 48 73 
2 3 5 6 8 9 10 11 13 14 15 16 17 18 21 24 26 29 
1 2 3 4 7 8 10 11 13 17 19 23 25 26 28 29 73 86 
3 4 6 7 10 11 12 14 17 18 19 23 24 26 30 
33 34 40 41 43 44 45 46 48 
32 35 37 38 40 41 42 43 45 46 47 49 50 72 
9 31 34 35 37 38 39 41 42 44 47 48 49 53 99 
18 31 33 34 36 37 39 40 42 43 44 46 47 
32 33 37 38 39 40 41 43 45 47 48 50 
34 36 37 38 40 42 43 45 46 47 48 50 
32 33 34 35 36 40 42 46 49 82 
32 33 35 36 39 40 43 45 47 48 80 86 
33 34 35 38 42 43 48 49 50 
31 32 34 35 36 37 38 40 42 43 44 45 46 49 61 93 
31 32 33 35 42 43 45 46 47 50 62 
24 32 33 34 36 37 39 40 41 42 47 48 50 
31 32 34 35 36 38 39 40 41 47 50 
31 33 34 40 44 45 46 47 50 63 
31 32 35 36 38 40 41 44 46 47 48 49 50 
5 14 31 32 34 36 37 40 41 44 45 48 
32 33 34 35 36 38 41 42 43 44 45 
27 31 33 35 36 38 39 42 45 46 48 49 
15 32 33 37 39 40 45 48 50 66 98 
32 35 36 39 41 42 43 44 45 49 50 69 
55 57 58 59 60 63 64 
10 55 56 57 58 59 60 61 62 64 
33 53 54 57 61 62 63 86 
53 55 56 57 58 62 65 77 92 99 
16 51 52 54 55 56 58 60 61 62 64 
52 54 55 57 58 60 61 62 63 
18 51 52 53 54 56 57 58 59 62 63 74 75 
51 52 54 55 56 57 60 64 65 
51 52 57 59 60 62 64 
51 52 55 56 58 59 62 
40 52 53 55 56 62 
41 52 53 54 55 56 57 59 60 61 63 65 
19 44 51 53 56 57 62 65 
51 52 55 58 59 65 83 
3 54 58 62 63 64 98 
5 49 69 70 71 73 74 
67 70 72 75 77 
69 70 71 
50 66 68 69 71 
66 67 68 70 72 74 
66 68 69 72 74 81 100 
18 32 67 70 71 73 74 
27 29 66 72 74 75 88 92 
57 66 70 71 72 73 
57 67 73 75 97 
2 4 76 77 78 79 81 
54 67 76 78 79 
76 77 80 
76 77 79 90 92 97 100 
38 78 80 
71 76 81 83 85 
37 82 83 84 85 
16 64 81 82 
82 84 85 86 100 
11 81 82 84 85 91 96 
29 38 53 84 87 88 
86 94 98 100 
73 86 88 89 90 
26 88 89 90 
79 88 89 
6 85 92 94 
6 54 73 79 91 92 95 96 
40 95 
87 91 95 
92 93 94 99 
9 85 92 97 98 
75 79 96 98 100 
49 65 87 96 97 
33 54 95 99 
18 71 79 84 87 97 100 
