5 6 7 8 11 12 16 19 21 22 24 25 26 27 29 30 87 89 
2 3 4 6 8 20 22 24 26 50 79 81 
2 5 8 14 16 17 19 20 21 22 24 25 26 62 
2 4 5 9 10 18 20 24 25 26 27 29 30 56 92 
1 3 4 5 6 9 10 15 16 18 21 22 26 29 30 
1 2 5 6 9 13 15 16 21 22 23 24 26 27 30 
1 7 10 13 15 16 17 18 22 26 28 29 30 
1 2 3 9 10 11 13 16 17 21 24 27 29 
4 5 6 8 9 10 14 15 18 20 22 24 27 29 
4 5 7 8 9 10 11 14 18 23 24 26 28 95 
1 8 10 12 15 16 17 19 21 24 27 30 40 47 72 75 
1 11 13 25 27 29 
6 7 8 12 13 14 15 17 21 23 26 27 28 99 
3 9 10 13 16 17 19 20 21 22 23 24 26 27 28 29 
5 6 7 9 11 13 15 16 18 20 21 22 23 24 26 29 56 80 
1 3 5 6 7 8 11 14 15 16 18 25 30 34 
3 7 8 11 13 14 18 19 23 27 29 30 
4 5 7 9 10 15 16 17 24 25 26 27 29 42 96 
1 3 11 14 17 21 23 24 27 28 29 30 
2 3 4 9 14 15 20 21 22 23 24 25 29 
1 3 5 6 8 11 13 14 15 19 20 25 27 29 30 47 59 
1 2 3 5 6 7 9 14 15 20 22 24 25 26 30 
6 10 13 14 15 17 19 20 24 25 27 48 
1 2 3 4 6 8 9 10 11 14 15 18 19 20 22 23 25 27 29 30 
1 3 4 12 16 18 20 21 22 23 24 28 30 
1 2 3 4 5 6 7 10 13 14 15 18 22 27 29 30 67 
1 4 6 8 9 11 12 13 14 17 18 19 21 23 24 26 28 81 
7 10 13 14 19 25 27 28 30 75 
1 4 5 7 8 9 12 14 15 17 18 19 20 21 24 26 29 58 
1 4 5 6 7 11 16 17 19 21 22 24 25 26 28 
31 33 34 38 39 44 47 49 
32 33 34 35 38 40 41 42 44 45 72 
31 32 33 34 35 36 37 38 39 40 41 43 44 46 48 57 70 83 91 
16 31 32 33 34 38 39 43 46 50 
32 33 36 38 42 44 45 46 47 49 50 59 
33 35 36 37 38 42 44 46 48 49 50 
33 36 37 38 39 40 41 42 43 45 46 49 
31 32 33 34 35 36 37 38 39 43 44 45 46 47 48 50 
31 33 34 37 38 39 40 42 44 50 87 
11 32 33 37 39 43 44 45 46 47 
32 33 37 41 42 44 46 48 49 50 61 
18 32 35 36 37 39 41 42 45 48 49 
33 34 37 38 40 45 47 50 
31 32 33 35 36 38 39 40 41 45 49 97 
32 35 37 38 40 42 43 44 46 47 
33 34 35 36 37 38 40 41 45 46 47 48 79 
11 21 31 35 38 40 43 45 46 49 
23 33 36 38 41 42 46 48 49 
31 35 36 37 41 42 44 47 48 49 99 
2 34 35 36 38 39 41 43 50 53 74 
52 53 56 58 60 61 62 
51 52 54 58 59 63 64 
50 51 53 54 58 60 62 65 
52 53 55 58 59 61 
54 55 58 59 65 71 82 
4 15 51 56 57 58 60 62 
33 56 57 58 59 98 
29 51 52 53 54 55 56 57 61 62 63 71 87 99 
21 35 52 54 55 57 59 63 65 
51 53 56 60 62 63 65 
41 51 54 58 63 65 91 
3 51 53 56 58 60 65 
52 58 59 60 61 63 64 
52 63 64 65 
53 55 59 60 61 62 64 80 
71 74 75 
26 72 73 87 96 99 
69 70 71 72 82 
68 69 71 72 73 75 
33 68 72 73 74 
55 58 66 68 69 71 75 
11 32 67 68 69 70 72 
67 69 70 80 
50 66 70 
11 28 66 69 71 75 92 
77 78 79 98 
76 80 84 95 
76 79 80 99 
2 46 76 78 79 
15 65 73 77 78 86 
2 27 82 83 84 85 
55 68 81 82 86 98 
33 81 85 
77 81 84 85 100 
81 83 84 85 94 
80 82 86 88 89 99 
1 39 58 67 89 90 
86 88 
1 86 87 89 95 97 
87 
33 61 92 93 
4 75 91 92 93 94 96 
91 92 94 99 
85 92 93 94 
10 77 89 
18 67 92 96 99 
44 89 
57 76 82 98 
13 49 58 67 78 86 93 96 99 
84 
