16 1
22 1
23 1
27 1
46 1
49 1
51 1
66 1
80 1
98 1
100 1
102 1
105 1
118 1
142 1
145 1
154 1
161 1
163 1
169 1
22 2
31 2
39 2
40 2
52 2
83 2
100 2
135 2
153 2
163 2
8 3
19 3
32 3
56 3
69 3
77 3
90 3
136 3
142 3
146 3
25 4
44 4
62 4
88 4
93 4
95 4
113 4
115 4
117 4
121 4
138 4
140 4
149 4
159 4
160 4
168 4
36 5
67 5
82 5
91 5
117 5
138 5
157 5
165 5
166 5
10 6
37 6
47 6
62 6
81 6
92 6
110 6
112 6
116 6
26 7
33 7
34 7
55 7
63 7
70 7
85 7
103 7
115 7
118 7
145 7
3 8
41 8
56 8
69 8
74 8
119 8
120 8
136 8
142 8
152 8
21 9
32 9
33 9
40 9
51 9
54 9
84 9
97 9
122 9
160 9
164 9
6 10
25 10
42 10
62 10
63 10
89 10
91 10
92 10
110 10
112 10
116 10
121 10
168 10
36 11
47 11
93 11
95 11
110 11
113 11
130 11
148 11
157 11
38 12
48 12
82 12
91 12
129 12
152 12
157 12
160 12
166 12
29 13
33 13
45 13
73 13
87 13
101 13
106 13
123 13
155 13
158 13
23 14
24 14
48 14
49 14
77 14
90 14
96 14
126 14
159 14
26 15
31 15
32 15
39 15
52 15
61 15
92 15
96 15
120 15
122 15
153 15
1 16
27 16
43 16
46 16
53 16
55 16
58 16
65 16
80 16
102 16
103 16
105 16
107 16
133 16
154 16
20 17
45 17
48 17
57 17
85 17
109 17
136 17
140 17
141 17
167 17
58 18
79 18
104 18
106 18
132 18
139 18
145 18
147 18
155 18
158 18
3 19
21 19
32 19
51 19
56 19
77 19
100 19
120 19
136 19
17 20
26 20
29 20
57 20
106 20
122 20
124 20
141 20
145 20
147 20
155 20
158 20
162 20
9 21
19 21
25 21
32 21
51 21
84 21
109 21
120 21
125 21
157 21
164 21
1 22
2 22
30 22
31 22
39 22
40 22
70 22
118 22
154 22
1 23
14 23
77 23
90 23
96 23
102 23
143 23
154 23
166 23
14 24
44 24
46 24
48 24
56 24
69 24
79 24
91 24
121 24
126 24
137 24
142 24
166 24
4 25
10 25
21 25
44 25
88 25
93 25
113 25
116 25
121 25
136 25
148 25
150 25
164 25
168 25
7 26
15 26
20 26
39 26
58 26
61 26
70 26
78 26
85 26
86 26
96 26
106 26
108 26
118 26
122 26
131 26
139 26
145 26
154 26
162 26
1 27
16 27
29 27
44 27
46 27
55 27
96 27
133 27
145 27
60 28
64 28
79 28
94 28
97 28
99 28
101 28
104 28
105 28
114 28
123 28
140 28
151 28
13 29
20 29
27 29
45 29
53 29
71 29
74 29
84 29
87 29
106 29
108 29
122 29
123 29
144 29
155 29
158 29
162 29
169 29
22 30
40 30
52 30
61 30
103 30
104 30
105 30
115 30
153 30
2 31
15 31
22 31
39 31
52 31
61 31
115 31
153 31
163 31
3 32
9 32
15 32
19 32
21 32
51 32
84 32
109 32
115 32
120 32
123 32
124 32
125 32
142 32
146 32
164 32
7 33
9 33
13 33
45 33
53 33
73 33
80 33
107 33
122 33
139 33
141 33
145 33
154 33
158 33
162 33
7 34
35 34
61 34
63 34
65 34
70 34
71 34
78 34
85 34
118 34
164 34
34 35
42 35
58 35
65 35
70 35
100 35
132 35
135 35
147 35
5 36
11 36
81 36
82 36
95 36
117 36
128 36
130 36
148 36
149 36
157 36
165 36
166 36
6 37
47 37
81 37
121 37
128 37
130 37
137 37
148 37
156 37
157 37
159 37
12 38
48 38
88 38
111 38
126 38
127 38
129 38
150 38
166 38
2 39
15 39
22 39
26 39
31 39
40 39
52 39
70 39
109 39
163 39
2 40
9 40
22 40
30 40
39 40
52 40
76 40
79 40
83 40
144 40
161 40
8 41
49 41
66 41
73 41
74 41
75 41
83 41
115 41
119 41
136 41
160 41
161 41
10 42
35 42
62 42
63 42
65 42
68 42
89 42
95 42
113 42
116 42
131 42
135 42
149 42
159 42
16 43
50 43
53 43
55 43
58 43
65 43
71 43
85 43
87 43
100 43
133 43
139 43
144 43
4 44
24 44
25 44
27 44
59 44
93 44
113 44
120 44
128 44
168 44
13 45
17 45
29 45
33 45
57 45
106 45
108 45
122 45
141 45
145 45
162 45
1 46
16 46
24 46
27 46
55 46
56 46
69 46
77 46
142 46
6 47
11 47
37 47
59 47
67 47
81 47
92 47
93 47
111 47
117 47
121 47
137 47
148 47
168 47
12 48
14 48
17 48
24 48
38 48
49 48
56 48
59 48
66 48
90 48
91 48
111 48
121 48
126 48
127 48
129 48
140 48
143 48
152 48
163 48
166 48
1 49
14 49
41 49
48 49
66 49
72 49
75 49
76 49
83 49
160 49
161 49
169 49
43 50
64 50
71 50
76 50
94 50
114 50
133 50
139 50
144 50
1 51
9 51
19 51
21 51
32 51
80 51
84 51
97 51
100 51
107 51
123 51
124 51
125 51
132 51
147 51
163 51
164 51
2 52
15 52
30 52
31 52
39 52
40 52
61 52
103 52
104 52
153 52
163 52
16 53
29 53
33 53
43 53
55 53
64 53
133 53
139 53
144 53
9 54
55 54
68 54
84 54
108 54
122 54
134 54
141 54
143 54
7 55
16 55
27 55
43 55
46 55
53 55
54 55
58 55
61 55
65 55
68 55
103 55
131 55
132 55
133 55
134 55
141 55
154 55
3 56
8 56
19 56
24 56
46 56
48 56
69 56
77 56
109 56
120 56
142 56
143 56
146 56
152 56
166 56
17 57
20 57
45 57
71 57
79 57
100 57
115 57
141 57
162 57
16 58
18 58
26 58
35 58
43 58
55 58
65 58
86 58
103 58
132 58
133 58
139 58
145 58
44 59
47 59
48 59
62 59
91 59
93 59
113 59
126 59
167 59
168 59
28 60
64 60
71 60
76 60
79 60
94 60
97 60
98 60
99 60
101 60
114 60
123 60
151 60
15 61
26 61
30 61
31 61
34 61
52 61
55 61
78 61
85 61
86 61
118 61
145 61
153 61
4 62
6 62
10 62
42 62
59 62
63 62
67 62
89 62
92 62
110 62
112 62
116 62
117 62
121 62
128 62
137 62
138 62
167 62
168 62
7 63
10 63
34 63
42 63
62 63
89 63
92 63
110 63
112 63
116 63
28 64
50 64
53 64
60 64
76 64
79 64
94 64
97 64
99 64
114 64
151 64
16 65
34 65
35 65
42 65
43 65
55 65
58 65
80 65
103 65
106 65
133 65
135 65
139 65
1 66
41 66
48 66
49 66
74 66
75 66
83 66
125 66
161 66
169 66
5 67
47 67
62 67
81 67
82 67
90 67
112 67
126 67
137 67
138 67
42 68
54 68
55 68
108 68
132 68
134 68
141 68
143 68
164 68
3 69
8 69
24 69
46 69
56 69
77 69
91 69
142 69
146 69
7 70
22 70
26 70
34 70
35 70
39 70
86 70
106 70
114 70
132 70
135 70
145 70
154 70
29 71
34 71
43 71
50 71
57 71
60 71
85 71
94 71
96 71
100 71
118 71
49 72
75 72
80 72
83 72
102 72
119 72
136 72
152 72
154 72
155 72
158 72
161 72
13 73
33 73
41 73
80 73
107 73
122 73
123 73
155 73
158 73
8 74
29 74
41 74
66 74
75 74
110 74
119 74
123 74
136 74
169 74
41 75
49 75
66 75
72 75
74 75
83 75
119 75
154 75
161 75
166 75
40 76
49 76
50 76
60 76
64 76
83 76
94 76
97 76
114 76
161 76
3 77
14 77
19 77
23 77
46 77
56 77
69 77
90 77
96 77
142 77
146 77
26 78
34 78
61 78
85 78
86 78
118 78
135 78
145 78
153 78
154 78
18 79
24 79
28 79
40 79
57 79
60 79
64 79
97 79
99 79
101 79
104 79
114 79
115 79
123 79
124 79
151 79
1 80
16 80
33 80
51 80
65 80
72 80
73 80
101 80
102 80
105 80
107 80
133 80
154 80
155 80
158 80
169 80
6 81
36 81
37 81
47 81
67 81
82 81
121 81
137 81
148 81
156 81
157 81
5 82
12 82
36 82
67 82
81 82
95 82
138 82
148 82
157 82
165 82
2 83
40 83
41 83
49 83
66 83
72 83
75 83
76 83
161 83
9 84
21 84
29 84
32 84
51 84
54 84
85 84
122 84
123 84
7 85
17 85
26 85
34 85
43 85
61 85
71 85
78 85
84 85
86 85
100 85
118 85
139 85
145 85
26 86
58 86
61 86
70 86
78 86
85 86
87 86
118 86
145 86
13 87
29 87
43 87
86 87
100 87
104 87
105 87
123 87
135 87
154 87
4 88
25 88
38 88
92 88
110 88
111 88
127 88
129 88
150 88
10 89
42 89
62 89
63 89
92 89
116 89
121 89
128 89
138 89
167 89
3 90
14 90
23 90
48 90
67 90
77 90
96 90
109 90
115 90
140 90
143 90
5 91
10 91
12 91
24 91
48 91
59 91
69 91
116 91
126 91
127 91
157 91
166 91
6 92
10 92
15 92
47 92
62 92
63 92
88 92
89 92
110 92
111 92
112 92
116 92
117 92
121 92
165 92
167 92
4 93
11 93
25 93
44 93
47 93
59 93
110 93
113 93
130 93
156 93
168 93
28 94
50 94
60 94
64 94
71 94
76 94
97 94
105 94
124 94
147 94
163 94
4 95
11 95
36 95
42 95
82 95
113 95
130 95
148 95
149 95
156 95
157 95
159 95
165 95
14 96
15 96
23 96
26 96
27 96
71 96
77 96
90 96
125 96
143 96
154 96
9 97
28 97
51 97
60 97
64 97
76 97
79 97
94 97
98 97
99 97
101 97
114 97
123 97
140 97
151 97
1 98
60 98
97 98
99 98
100 98
110 98
118 98
125 98
145 98
154 98
163 98
28 99
60 99
64 99
79 99
97 99
98 99
114 99
123 99
140 99
151 99
1 100
2 100
19 100
35 100
43 100
51 100
57 100
71 100
85 100
87 100
98 100
118 100
124 100
145 100
147 100
163 100
13 101
28 101
60 101
79 101
80 101
97 101
104 101
106 101
162 101
1 102
16 102
23 102
72 102
80 102
105 102
119 102
147 102
154 102
155 102
158 102
7 103
16 103
30 103
52 103
55 103
58 103
65 103
104 103
154 103
18 104
28 104
30 104
52 104
79 104
87 104
101 104
103 104
105 104
123 104
147 104
151 104
154 104
1 105
16 105
28 105
30 105
80 105
87 105
94 105
102 105
104 105
107 105
144 105
147 105
154 105
13 106
18 106
20 106
26 106
29 106
45 106
65 106
70 106
101 106
107 106
108 106
122 106
131 106
135 106
145 106
154 106
158 106
162 106
16 107
33 107
51 107
73 107
80 107
105 107
106 107
133 107
134 107
154 107
155 107
169 107
26 108
29 108
45 108
54 108
68 108
106 108
115 108
131 108
134 108
145 108
158 108
17 109
21 109
32 109
39 109
56 109
90 109
140 109
142 109
151 109
6 110
10 110
11 110
62 110
63 110
74 110
88 110
92 110
93 110
98 110
112 110
116 110
117 110
167 110
168 110
38 111
47 111
48 111
88 111
92 111
121 111
127 111
129 111
150 111
6 112
10 112
62 112
63 112
67 112
92 112
110 112
116 112
121 112
156 112
167 112
168 112
4 113
11 113
25 113
42 113
44 113
59 113
93 113
95 113
121 113
137 113
149 113
159 113
168 113
28 114
50 114
60 114
64 114
70 114
76 114
79 114
97 114
99 114
125 114
160 114
164 114
4 115
7 115
30 115
31 115
32 115
41 115
57 115
79 115
90 115
108 115
6 116
10 116
25 116
42 116
62 116
63 116
89 116
91 116
92 116
110 116
112 116
121 116
168 116
4 117
5 117
36 117
47 117
62 117
92 117
110 117
121 117
132 117
1 118
7 118
22 118
26 118
34 118
61 118
71 118
78 118
85 118
86 118
98 118
100 118
145 118
164 118
8 119
41 119
72 119
74 119
75 119
102 119
123 119
161 119
169 119
8 120
15 120
19 120
21 120
32 120
44 120
56 120
136 120
166 120
4 121
10 121
24 121
25 121
37 121
47 121
48 121
62 121
81 121
89 121
92 121
111 121
112 121
113 121
116 121
117 121
129 121
137 121
138 121
150 121
167 121
9 122
15 122
20 122
26 122
29 122
33 122
45 122
54 122
73 122
84 122
106 122
131 122
139 122
145 122
158 122
162 122
13 123
28 123
29 123
32 123
51 123
60 123
73 123
74 123
79 123
84 123
87 123
97 123
99 123
104 123
119 123
124 123
144 123
147 123
155 123
158 123
20 124
32 124
51 124
79 124
94 124
100 124
123 124
147 124
151 124
21 125
32 125
51 125
66 125
96 125
98 125
114 125
163 125
169 125
14 126
24 126
38 126
48 126
59 126
67 126
91 126
127 126
129 126
166 126
38 127
48 127
88 127
91 127
111 127
126 127
129 127
133 127
150 127
36 128
37 128
44 128
62 128
89 128
130 128
149 128
156 128
157 128
165 128
12 129
38 129
48 129
88 129
111 129
121 129
126 129
127 129
150 129
166 129
11 130
36 130
37 130
93 130
95 130
128 130
148 130
149 130
156 130
157 130
165 130
26 131
42 131
55 131
106 131
108 131
122 131
135 131
139 131
162 131
18 132
35 132
51 132
55 132
58 132
68 132
70 132
117 132
134 132
145 132
147 132
154 132
164 132
16 133
27 133
43 133
50 133
53 133
55 133
58 133
65 133
80 133
107 133
127 133
139 133
150 133
154 133
54 134
55 134
68 134
107 134
108 134
132 134
141 134
143 134
154 134
2 135
35 135
42 135
65 135
70 135
78 135
87 135
106 135
131 135
153 135
162 135
3 136
8 136
17 136
19 136
25 136
41 136
72 136
74 136
120 136
140 136
160 136
161 136
24 137
37 137
47 137
62 137
67 137
81 137
113 137
121 137
138 137
4 138
5 138
62 138
67 138
82 138
89 138
121 138
137 138
167 138
18 139
26 139
33 139
43 139
50 139
53 139
58 139
65 139
85 139
122 139
131 139
133 139
144 139
145 139
4 140
17 140
28 140
48 140
90 140
97 140
99 140
109 140
136 140
17 141
20 141
33 141
45 141
54 141
55 141
57 141
68 141
134 141
143 141
1 142
3 142
8 142
24 142
32 142
46 142
56 142
69 142
77 142
109 142
146 142
152 142
23 143
48 143
54 143
56 143
68 143
90 143
96 143
134 143
141 143
29 144
40 144
43 144
50 144
53 144
105 144
123 144
139 144
145 144
163 144
1 145
7 145
18 145
20 145
26 145
27 145
33 145
45 145
58 145
61 145
70 145
78 145
85 145
86 145
98 145
100 145
106 145
108 145
118 145
122 145
132 145
139 145
144 145
146 145
154 145
162 145
169 145
3 146
32 146
56 146
69 146
77 146
142 146
145 146
152 146
153 146
18 147
20 147
35 147
51 147
94 147
100 147
102 147
104 147
105 147
123 147
124 147
132 147
151 147
154 147
155 147
158 147
11 148
25 148
36 148
37 148
47 148
81 148
82 148
95 148
130 148
156 148
157 148
4 149
36 149
42 149
95 149
113 149
128 149
130 149
157 149
159 149
165 149
25 150
38 150
88 150
111 150
121 150
127 150
129 150
133 150
160 150
28 151
60 151
64 151
79 151
97 151
99 151
104 151
109 151
124 151
147 151
8 152
12 152
48 152
56 152
72 152
142 152
146 152
154 152
157 152
2 153
15 153
30 153
31 153
52 153
61 153
78 153
135 153
146 153
1 154
16 154
22 154
23 154
26 154
33 154
55 154
70 154
72 154
75 154
78 154
80 154
87 154
96 154
98 154
102 154
103 154
104 154
105 154
106 154
107 154
132 154
133 154
134 154
145 154
147 154
152 154
155 154
158 154
13 155
18 155
20 155
29 155
72 155
73 155
80 155
102 155
107 155
123 155
147 155
154 155
158 155
37 156
81 156
93 156
95 156
112 156
128 156
130 156
148 156
157 156
165 156
168 156
5 157
11 157
12 157
21 157
36 157
37 157
81 157
82 157
91 157
95 157
128 157
130 157
148 157
149 157
152 157
156 157
159 157
165 157
13 158
18 158
20 158
29 158
33 158
72 158
73 158
80 158
102 158
106 158
108 158
122 158
123 158
147 158
154 158
155 158
162 158
4 159
14 159
37 159
42 159
95 159
113 159
149 159
157 159
168 159
4 160
9 160
12 160
41 160
49 160
114 160
136 160
150 160
163 160
1 161
40 161
41 161
49 161
66 161
72 161
75 161
76 161
83 161
119 161
136 161
20 162
26 162
29 162
33 162
45 162
57 162
101 162
106 162
122 162
131 162
135 162
145 162
158 162
1 163
2 163
31 163
39 163
48 163
51 163
52 163
94 163
98 163
100 163
125 163
144 163
160 163
9 164
21 164
25 164
32 164
34 164
51 164
68 164
114 164
118 164
132 164
5 165
36 165
82 165
92 165
95 165
128 165
130 165
149 165
156 165
157 165
5 166
12 166
23 166
24 166
36 166
38 166
48 166
56 166
75 166
91 166
120 166
126 166
129 166
17 167
59 167
62 167
89 167
92 167
110 167
112 167
121 167
138 167
168 167
4 168
10 168
25 168
44 168
47 168
59 168
62 168
93 168
110 168
112 168
113 168
116 168
156 168
159 168
167 168
1 169
29 169
49 169
66 169
74 169
80 169
107 169
119 169
125 169
145 169
