13 1
27 1
56 1
72 1
80 1
102 1
105 1
107 1
115 1
133 1
154 1
155 1
158 1
162 1
7 2
31 2
34 2
39 2
55 2
61 2
70 2
83 2
103 2
154 2
8 3
25 3
32 3
74 3
109 3
119 3
120 3
136 3
152 3
25 4
93 4
95 4
110 4
113 4
121 4
138 4
140 4
149 4
159 4
168 4
12 5
36 5
37 5
59 5
67 5
82 5
102 5
117 5
126 5
127 5
129 5
148 5
157 5
165 5
10 6
37 6
89 6
92 6
110 6
112 6
113 6
116 6
136 6
2 7
50 7
53 7
55 7
63 7
71 7
78 7
100 7
103 7
118 7
134 7
145 7
3 8
32 8
74 8
90 8
119 8
120 8
136 8
143 8
152 8
21 9
28 9
30 9
40 9
51 9
54 9
84 9
96 9
97 9
99 9
140 9
160 9
164 9
6 10
42 10
62 10
63 10
89 10
92 10
110 10
112 10
116 10
117 10
156 10
167 10
168 10
36 11
47 11
59 11
95 11
110 11
113 11
130 11
149 11
157 11
159 11
5 12
48 12
91 12
95 12
127 12
129 12
157 12
160 12
166 12
1 13
18 13
29 13
80 13
87 13
105 13
106 13
107 13
123 13
147 13
155 13
158 13
24 14
67 14
90 14
96 14
126 14
136 14
142 14
154 14
159 14
31 15
50 15
52 15
60 15
61 15
71 15
120 15
135 15
145 15
153 15
53 16
55 16
58 16
80 16
103 16
105 16
107 16
133 16
155 16
162 16
20 17
34 17
50 17
57 17
100 17
118 17
122 17
140 17
141 17
152 17
154 17
13 18
20 18
72 18
79 18
98 18
104 18
106 18
125 18
139 18
145 18
147 18
151 18
155 18
22 19
24 19
56 19
72 19
100 19
120 19
136 19
154 19
161 19
17 20
18 20
26 20
45 20
106 20
108 20
122 20
141 20
145 20
155 20
158 20
9 21
32 21
51 21
84 21
93 21
100 21
109 21
125 21
164 21
19 22
30 22
31 22
39 22
52 22
61 22
70 22
80 22
144 22
146 22
154 22
35 23
63 23
65 23
70 23
90 23
96 23
98 23
101 23
131 23
14 24
19 24
27 24
46 24
47 24
48 24
56 24
59 24
69 24
74 24
77 24
88 24
91 24
109 24
113 24
120 24
137 24
142 24
143 24
152 24
159 24
160 24
166 24
3 25
4 25
44 25
60 25
111 25
113 25
130 25
148 25
149 25
150 25
156 25
157 25
164 25
168 25
20 26
39 26
60 26
61 26
85 26
96 26
106 26
108 26
118 26
131 26
139 26
145 26
155 26
162 26
1 27
24 27
32 27
58 27
100 27
109 27
133 27
143 27
154 27
9 28
44 28
51 28
79 28
97 28
99 28
104 28
114 28
123 28
124 28
140 28
143 28
13 29
73 29
80 29
87 29
96 29
98 29
106 29
107 29
122 29
123 29
124 29
155 29
158 29
169 29
9 30
22 30
31 30
39 30
40 30
52 30
96 30
104 30
105 30
144 30
151 30
153 30
163 30
164 30
2 31
15 31
22 31
30 31
52 31
70 31
75 31
160 31
163 31
3 32
8 32
21 32
27 32
46 32
51 32
56 32
109 32
120 32
123 32
125 32
142 32
146 32
160 32
163 32
164 32
45 33
50 33
71 33
73 33
80 33
106 33
122 33
141 33
145 33
2 34
17 34
35 34
43 34
50 34
55 34
58 34
65 34
68 34
71 34
78 34
87 34
100 34
144 34
146 34
154 34
23 35
34 35
43 35
58 35
63 35
65 35
70 35
100 35
101 35
5 36
11 36
37 36
44 36
47 36
59 36
81 36
95 36
117 36
142 36
149 36
156 36
157 36
165 36
5 37
6 37
36 37
47 37
59 37
81 37
82 37
93 37
95 37
110 37
128 37
130 37
137 37
143 37
148 37
156 37
157 37
165 37
166 37
48 38
50 38
77 38
88 38
111 38
121 38
126 38
127 38
129 38
132 38
133 38
138 38
139 38
150 38
2 39
22 39
26 39
30 39
52 39
55 39
70 39
144 39
153 39
9 40
30 40
76 40
84 40
104 40
105 40
122 40
135 40
144 40
151 40
152 40
49 41
66 41
72 41
74 41
75 41
76 41
83 41
119 41
154 41
160 41
161 41
10 42
63 42
65 42
68 42
89 42
92 42
95 42
112 42
149 42
167 42
34 43
35 43
50 43
58 43
65 43
85 43
87 43
118 43
133 43
139 43
145 43
25 44
28 44
36 44
47 44
66 44
79 44
81 44
121 44
137 44
20 45
33 45
53 45
68 45
73 45
101 45
106 45
108 45
122 45
131 45
141 45
155 45
158 45
162 45
24 46
32 46
56 46
67 46
69 46
142 46
146 46
152 46
157 46
11 47
24 47
36 47
37 47
44 47
48 47
59 47
81 47
82 47
91 47
117 47
121 47
126 47
137 47
138 47
143 47
148 47
166 47
12 48
24 48
38 48
47 48
69 48
74 48
90 48
91 48
109 48
119 48
120 48
126 48
137 48
143 48
152 48
154 48
157 48
166 48
41 49
66 49
74 49
75 49
76 49
83 49
154 49
160 49
161 49
7 50
15 50
17 50
33 50
34 50
38 50
43 50
57 50
58 50
64 50
65 50
70 50
71 50
76 50
78 50
85 50
87 50
94 50
100 50
114 50
118 50
132 50
135 50
139 50
144 50
145 50
153 50
154 50
9 51
21 51
28 51
32 51
54 51
84 51
97 51
100 51
107 51
125 51
147 51
169 51
15 52
22 52
30 52
31 52
39 52
61 52
103 52
153 52
163 52
7 53
16 53
45 53
58 53
64 53
98 53
103 53
118 53
133 53
144 53
153 53
9 54
51 54
60 54
68 54
71 54
108 54
134 54
145 54
147 54
2 55
7 55
16 55
34 55
39 55
58 55
65 55
100 55
101 55
103 55
119 55
132 55
134 55
154 55
161 55
1 56
19 56
24 56
32 56
46 56
69 56
77 56
85 56
100 56
107 56
115 56
120 56
142 56
146 56
154 56
17 57
50 57
65 57
78 57
108 57
122 57
131 57
140 57
141 57
150 57
16 58
27 58
34 58
35 58
43 58
50 58
53 58
55 58
61 58
65 58
78 58
85 58
86 58
98 58
100 58
101 58
102 58
103 58
105 58
115 58
132 58
133 58
134 58
136 58
139 58
145 58
152 58
154 58
163 58
5 59
11 59
24 59
36 59
37 59
47 59
67 59
81 59
82 59
113 59
157 59
159 59
165 59
15 60
25 60
26 60
54 60
68 60
106 60
108 60
141 60
145 60
155 60
164 60
2 61
15 61
22 61
26 61
52 61
58 61
65 61
85 61
86 61
100 61
118 61
144 61
146 61
153 61
10 62
89 62
92 62
112 62
113 62
128 62
138 62
156 62
167 62
7 63
10 63
23 63
35 63
42 63
65 63
89 63
92 63
110 63
167 63
50 64
53 64
79 64
94 64
97 64
99 64
102 64
114 64
135 64
154 64
23 65
34 65
35 65
42 65
43 65
50 65
55 65
57 65
58 65
61 65
63 65
70 65
78 65
79 65
86 65
87 65
100 65
101 65
103 65
131 65
132 65
135 65
154 65
41 66
44 66
49 66
74 66
75 66
77 66
83 66
110 66
119 66
125 66
154 66
161 66
169 66
5 67
14 67
46 67
59 67
82 67
90 67
102 67
110 67
137 67
138 67
154 67
165 67
34 68
42 68
45 68
54 68
60 68
108 68
132 68
134 68
145 68
24 69
46 69
48 69
56 69
77 69
88 69
91 69
111 69
126 69
127 69
129 69
142 69
146 69
2 70
22 70
23 70
31 70
35 70
39 70
50 70
65 70
96 70
100 70
101 70
118 70
135 70
144 70
154 70
7 71
15 71
33 71
34 71
50 71
54 71
78 71
79 71
86 71
94 71
100 71
114 71
118 71
122 71
141 71
145 71
163 71
1 72
18 72
19 72
41 72
74 72
81 72
120 72
136 72
161 72
29 73
33 73
45 73
80 73
106 73
107 73
122 73
131 73
155 73
158 73
3 74
8 74
24 74
41 74
48 74
49 74
66 74
72 74
75 74
98 74
100 74
119 74
166 74
169 74
31 75
41 75
49 75
66 75
74 75
76 75
83 75
98 75
154 75
161 75
40 76
41 76
49 76
50 76
75 76
83 76
94 76
114 76
161 76
24 77
38 77
56 77
66 77
69 77
79 77
136 77
142 77
165 77
7 78
34 78
50 78
57 78
58 78
65 78
71 78
100 78
132 78
151 78
153 78
18 79
28 79
44 79
64 79
65 79
71 79
77 79
86 79
97 79
99 79
104 79
109 79
114 79
123 79
124 79
151 79
1 80
13 80
16 80
22 80
29 80
33 80
73 80
101 80
107 80
147 80
155 80
158 80
169 80
36 81
37 81
44 81
47 81
59 81
72 81
93 81
121 81
130 81
137 81
156 81
157 81
165 81
5 82
37 82
47 82
59 82
67 82
102 82
138 82
149 82
157 82
165 82
2 83
41 83
49 83
66 83
75 83
76 83
138 83
154 83
161 83
9 84
21 84
40 84
51 84
94 84
97 84
98 84
109 84
122 84
144 84
145 84
154 84
26 85
43 85
50 85
56 85
58 85
61 85
100 85
115 85
118 85
145 85
154 85
58 86
61 86
65 86
71 86
79 86
87 86
100 86
118 86
145 86
151 86
164 86
13 87
29 87
34 87
43 87
50 87
65 87
86 87
100 87
139 87
24 88
38 88
69 88
111 88
126 88
127 88
129 88
137 88
150 88
6 89
10 89
42 89
62 89
63 89
92 89
110 89
112 89
116 89
117 89
128 89
167 89
168 89
8 90
14 90
23 90
48 90
67 90
112 90
115 90
136 90
140 90
154 90
12 91
24 91
47 91
48 91
69 91
113 91
126 91
128 91
137 91
142 91
165 91
166 91
6 92
10 92
42 92
62 92
63 92
89 92
110 92
112 92
116 92
117 92
128 92
148 92
165 92
167 92
4 93
21 93
37 93
81 93
110 93
113 93
128 93
156 93
157 93
168 93
50 94
64 94
71 94
76 94
84 94
97 94
114 94
123 94
124 94
4 95
11 95
12 95
36 95
37 95
42 95
113 95
128 95
149 95
156 95
157 95
159 95
165 95
166 95
9 96
14 96
23 96
26 96
29 96
30 96
70 96
125 96
163 96
9 97
28 97
51 97
64 97
79 97
84 97
94 97
98 97
99 97
114 97
123 97
124 97
140 97
145 97
164 97
18 98
23 98
29 98
53 98
58 98
74 98
75 98
84 98
97 98
99 98
102 98
109 98
110 98
122 98
135 98
160 98
169 98
9 99
28 99
64 99
79 99
97 99
98 99
123 99
124 99
138 99
140 99
164 99
7 100
17 100
19 100
21 100
27 100
34 100
35 100
50 100
51 100
55 100
56 100
58 100
61 100
65 100
70 100
71 100
74 100
78 100
85 100
86 100
87 100
115 100
118 100
134 100
139 100
144 100
146 100
154 100
163 100
169 100
23 101
35 101
45 101
55 101
58 101
65 101
70 101
80 101
107 101
131 101
155 101
158 101
162 101
1 102
5 102
58 102
64 102
67 102
82 102
98 102
144 102
145 102
147 102
165 102
2 103
7 103
16 103
52 103
53 103
55 103
58 103
65 103
104 103
105 103
133 103
18 104
28 104
30 104
40 104
79 104
103 104
105 104
123 104
151 104
155 104
1 105
13 105
16 105
30 105
40 105
58 105
103 105
104 105
133 105
135 105
155 105
158 105
13 106
18 106
20 106
26 106
29 106
33 106
45 106
60 106
73 106
108 106
122 106
123 106
141 106
145 106
155 106
158 106
162 106
1 107
13 107
16 107
29 107
51 107
56 107
73 107
80 107
101 107
133 107
154 107
155 107
158 107
169 107
20 108
26 108
45 108
54 108
57 108
60 108
68 108
106 108
122 108
125 108
131 108
132 108
134 108
141 108
145 108
155 108
162 108
3 109
21 109
24 109
27 109
32 109
48 109
79 109
84 109
98 109
120 109
125 109
166 109
4 110
6 110
10 110
11 110
37 110
63 110
66 110
67 110
89 110
92 110
93 110
98 110
112 110
113 110
116 110
117 110
137 110
143 110
159 110
165 110
167 110
25 111
38 111
69 111
88 111
126 111
127 111
129 111
138 111
150 111
6 112
10 112
42 112
62 112
89 112
90 112
92 112
110 112
116 112
117 112
140 112
148 112
156 112
167 112
168 112
4 113
6 113
11 113
24 113
25 113
59 113
62 113
91 113
93 113
95 113
110 113
121 113
130 113
137 113
148 113
149 113
157 113
159 113
165 113
168 113
28 114
50 114
64 114
71 114
76 114
79 114
94 114
97 114
163 114
1 115
56 115
58 115
85 115
90 115
100 115
119 115
136 115
154 115
6 116
10 116
89 116
92 116
110 116
112 116
156 116
167 116
168 116
5 117
10 117
36 117
47 117
89 117
92 117
110 117
112 117
167 117
7 118
17 118
26 118
43 118
50 118
53 118
61 118
70 118
71 118
85 118
86 118
100 118
139 118
145 118
154 118
3 119
8 119
41 119
48 119
55 119
66 119
74 119
115 119
158 119
161 119
3 120
8 120
15 120
19 120
24 120
32 120
48 120
56 120
72 120
109 120
143 120
154 120
4 121
38 121
44 121
47 121
81 121
113 121
137 121
138 121
168 121
17 122
20 122
29 122
33 122
40 122
45 122
57 122
71 122
73 122
84 122
98 122
106 122
108 122
141 122
145 122
155 122
13 123
28 123
29 123
32 123
79 123
94 123
97 123
99 123
104 123
106 123
124 123
145 123
155 123
158 123
28 124
29 124
79 124
94 124
97 124
99 124
123 124
147 124
151 124
18 125
21 125
32 125
51 125
66 125
96 125
108 125
109 125
132 125
163 125
5 126
14 126
38 126
47 126
48 126
69 126
88 126
91 126
111 126
127 126
129 126
166 126
5 127
12 127
38 127
69 127
88 127
111 127
126 127
129 127
150 127
157 127
37 128
62 128
89 128
91 128
92 128
93 128
95 128
130 128
149 128
156 128
165 128
5 129
12 129
38 129
69 129
88 129
111 129
126 129
127 129
150 129
157 129
11 130
25 130
37 130
81 130
113 130
128 130
148 130
156 130
157 130
23 131
26 131
45 131
57 131
65 131
73 131
101 131
108 131
158 131
162 131
38 132
50 132
55 132
58 132
65 132
68 132
78 132
108 132
125 132
134 132
135 132
1 133
16 133
27 133
38 133
43 133
53 133
58 133
103 133
105 133
107 133
139 133
150 133
154 133
155 133
7 134
54 134
55 134
58 134
68 134
100 134
108 134
132 134
154 134
15 135
40 135
50 135
64 135
65 135
70 135
98 135
105 135
132 135
3 136
6 136
8 136
14 136
19 136
58 136
72 136
77 136
90 136
115 136
154 136
155 136
24 137
37 137
44 137
47 137
48 137
67 137
81 137
88 137
91 137
110 137
113 137
121 137
143 137
4 138
38 138
47 138
62 138
67 138
82 138
83 138
99 138
111 138
121 138
167 138
18 139
26 139
38 139
43 139
50 139
58 139
87 139
100 139
118 139
133 139
4 140
9 140
17 140
28 140
57 140
90 140
97 140
99 140
112 140
17 141
20 141
33 141
45 141
57 141
60 141
71 141
106 141
108 141
122 141
155 141
14 142
24 142
32 142
36 142
46 142
56 142
69 142
77 142
91 142
146 142
8 143
24 143
27 143
28 143
37 143
47 143
48 143
110 143
120 143
137 143
22 144
30 144
34 144
39 144
40 144
50 144
53 144
61 144
70 144
84 144
100 144
102 144
152 144
153 144
154 144
7 145
15 145
18 145
20 145
26 145
33 145
43 145
50 145
54 145
58 145
60 145
68 145
71 145
84 145
85 145
86 145
97 145
102 145
106 145
108 145
118 145
122 145
123 145
147 145
154 145
155 145
162 145
164 145
22 146
32 146
34 146
46 146
56 146
61 146
69 146
100 146
142 146
13 147
18 147
51 147
54 147
80 147
102 147
124 147
145 147
151 147
155 147
169 147
5 148
25 148
37 148
47 148
92 148
112 148
113 148
130 148
157 148
4 149
11 149
25 149
36 149
42 149
82 149
95 149
113 149
128 149
156 149
157 149
159 149
165 149
166 149
25 150
38 150
57 150
88 150
111 150
127 150
129 150
133 150
160 150
18 151
30 151
40 151
78 151
79 151
86 151
104 151
124 151
147 151
3 152
8 152
17 152
24 152
40 152
46 152
48 152
58 152
144 152
154 152
161 152
15 153
30 153
39 153
50 153
52 153
53 153
61 153
78 153
144 153
163 153
1 154
2 154
14 154
17 154
19 154
22 154
27 154
34 154
41 154
48 154
49 154
50 154
55 154
56 154
58 154
64 154
65 154
66 154
67 154
70 154
75 154
83 154
84 154
85 154
90 154
100 154
107 154
115 154
118 154
120 154
133 154
134 154
136 154
144 154
145 154
152 154
155 154
160 154
1 155
13 155
16 155
18 155
20 155
26 155
29 155
45 155
60 155
73 155
80 155
101 155
104 155
105 155
106 155
107 155
108 155
122 155
123 155
133 155
136 155
141 155
145 155
147 155
154 155
158 155
162 155
10 156
25 156
36 156
37 156
62 156
81 156
93 156
95 156
112 156
116 156
128 156
130 156
149 156
157 156
168 156
5 157
11 157
12 157
25 157
36 157
37 157
46 157
48 157
59 157
81 157
82 157
93 157
95 157
113 157
127 157
129 157
130 157
148 157
149 157
156 157
159 157
165 157
1 158
13 158
20 158
29 158
45 158
73 158
80 158
101 158
105 158
106 158
107 158
119 158
123 158
131 158
155 158
4 159
11 159
14 159
24 159
59 159
95 159
110 159
113 159
149 159
157 159
9 160
12 160
24 160
31 160
32 160
41 160
49 160
98 160
150 160
154 160
163 160
19 161
41 161
49 161
55 161
66 161
72 161
75 161
76 161
83 161
119 161
152 161
1 162
16 162
26 162
45 162
101 162
106 162
108 162
131 162
145 162
155 162
30 163
31 163
32 163
52 163
58 163
71 163
96 163
100 163
114 163
125 163
153 163
160 163
9 164
21 164
25 164
30 164
32 164
60 164
86 164
97 164
99 164
145 164
5 165
36 165
37 165
59 165
67 165
77 165
81 165
82 165
91 165
92 165
95 165
102 165
110 165
113 165
128 165
149 165
157 165
166 165
12 166
24 166
37 166
47 166
48 166
74 166
91 166
95 166
109 166
126 166
149 166
165 166
10 167
42 167
62 167
63 167
89 167
92 167
110 167
112 167
116 167
117 167
138 167
4 168
10 168
25 168
89 168
93 168
112 168
113 168
116 168
121 168
156 168
29 169
51 169
66 169
74 169
80 169
98 169
100 169
107 169
147 169
