13 1
16 1
18 1
23 1
27 1
29 1
41 1
46 1
47 1
51 1
67 1
69 1
72 1
80 1
97 1
100 1
101 1
102 1
104 1
107 1
118 1
145 1
154 1
155 1
158 1
169 1
31 2
39 2
46 2
52 2
70 2
85 2
135 2
142 2
144 2
8 3
19 3
21 3
40 3
48 3
69 3
90 3
120 3
136 3
25 4
42 4
62 4
95 4
113 4
128 4
140 4
149 4
159 4
167 4
168 4
12 5
36 5
44 5
59 5
67 5
81 5
82 5
91 5
95 5
126 5
127 5
128 5
129 5
138 5
149 5
157 5
165 5
166 5
10 6
47 6
62 6
81 6
89 6
92 6
110 6
112 6
116 6
136 6
26 7
33 7
45 7
63 7
68 7
73 7
86 7
108 7
115 7
142 7
145 7
3 8
14 8
27 8
48 8
56 8
69 8
90 8
136 8
152 8
21 9
28 9
32 9
40 9
51 9
97 9
99 9
122 9
123 9
125 9
140 9
152 9
164 9
6 10
25 10
42 10
62 10
63 10
89 10
92 10
93 10
110 10
112 10
113 10
116 10
128 10
156 10
167 10
168 10
36 11
37 11
44 11
47 11
59 11
117 11
121 11
138 11
148 11
159 11
165 11
5 12
81 12
83 12
91 12
126 12
127 12
149 12
157 12
165 12
166 12
1 13
16 13
18 13
29 13
57 13
65 13
79 13
80 13
86 13
87 13
94 13
101 13
102 13
107 13
118 13
123 13
147 13
155 13
158 13
8 14
24 14
38 14
48 14
49 14
126 14
136 14
159 14
160 14
30 15
31 15
39 15
52 15
53 15
61 15
92 15
153 15
165 15
1 16
13 16
18 16
22 16
27 16
51 16
67 16
80 16
85 16
101 16
102 16
103 16
104 16
105 16
107 16
154 16
169 16
20 17
46 17
57 17
58 17
78 17
122 17
140 17
141 17
144 17
1 18
13 18
16 18
28 18
79 18
97 18
98 18
102 18
118 18
139 18
3 19
21 19
32 19
48 19
56 19
70 19
77 19
120 19
134 19
168 19
17 20
33 20
45 20
54 20
57 20
73 20
74 20
88 20
106 20
108 20
122 20
147 20
158 20
3 21
9 21
19 21
32 21
51 21
63 21
84 21
107 21
122 21
155 21
158 21
162 21
16 22
30 22
31 22
39 22
67 22
70 22
85 22
101 22
104 22
144 22
1 23
34 23
77 23
90 23
91 23
111 23
115 23
126 23
127 23
154 23
166 23
14 24
56 24
61 24
69 24
88 24
98 24
117 24
121 24
137 24
138 24
160 24
166 24
4 25
10 25
60 25
96 25
113 25
116 25
148 25
159 25
164 25
168 25
7 26
61 26
73 26
100 26
101 26
106 26
108 26
118 26
131 26
145 26
147 26
1 27
8 27
16 27
46 27
48 27
69 27
96 27
109 27
110 27
115 27
117 27
120 27
9 28
18 28
32 28
64 28
73 28
79 28
90 28
97 28
98 28
99 28
114 28
118 28
123 28
124 28
140 28
151 28
164 28
1 29
13 29
45 29
57 29
80 29
118 29
141 29
147 29
155 29
158 29
162 29
15 30
22 30
31 30
39 30
40 30
52 30
61 30
104 30
153 30
163 30
2 31
15 31
22 31
30 31
39 31
52 31
61 31
80 31
85 31
101 31
153 31
163 31
9 32
19 32
21 32
28 32
51 32
60 32
97 32
123 32
124 32
125 32
146 32
163 32
7 33
20 33
45 33
53 33
54 33
60 33
68 33
71 33
73 33
101 33
106 33
118 33
122 33
123 33
139 33
141 33
147 33
162 33
23 34
35 34
58 34
61 34
65 34
76 34
78 34
85 34
86 34
87 34
100 34
118 34
124 34
132 34
134 34
144 34
146 34
160 34
34 35
46 35
58 35
65 35
69 35
85 35
106 35
131 35
132 35
139 35
162 35
5 36
11 36
37 36
44 36
59 36
81 36
82 36
95 36
117 36
121 36
130 36
148 36
157 36
165 36
11 37
36 37
44 37
47 37
67 37
81 37
130 37
137 37
148 37
156 37
157 37
165 37
14 38
48 38
67 38
88 38
111 38
126 38
127 38
129 38
130 38
150 38
160 38
2 39
15 39
22 39
30 39
31 39
52 39
53 39
70 39
163 39
3 40
9 40
30 40
49 40
66 40
70 40
76 40
83 40
84 40
110 40
122 40
134 40
144 40
153 40
164 40
1 41
49 41
66 41
72 41
74 41
75 41
83 41
154 41
161 41
4 42
10 42
53 42
63 42
95 42
101 42
112 42
116 42
119 42
131 42
149 42
159 42
167 42
51 43
58 43
65 43
85 43
87 43
118 43
133 43
134 43
144 43
147 43
5 44
11 44
36 44
37 44
59 44
81 44
82 44
117 44
121 44
127 44
130 44
137 44
138 44
152 44
156 44
157 44
161 44
7 45
20 45
29 45
33 45
54 45
57 45
68 45
73 45
101 45
106 45
108 45
118 45
131 45
141 45
147 45
155 45
158 45
162 45
1 46
2 46
17 46
27 46
35 46
56 46
58 46
63 46
69 46
77 46
85 46
86 46
109 46
131 46
142 46
143 46
146 46
152 46
1 47
6 47
11 47
37 47
67 47
81 47
113 47
137 47
148 47
3 48
8 48
14 48
19 48
27 48
38 48
56 48
59 48
69 48
77 48
91 48
96 48
109 48
115 48
120 48
126 48
127 48
129 48
130 48
143 48
152 48
14 49
40 49
41 49
66 49
72 49
75 49
83 49
115 49
142 49
154 49
161 49
58 50
64 50
71 50
76 50
86 50
101 50
114 50
118 50
132 50
133 50
144 50
145 50
1 51
9 51
16 51
21 51
32 51
43 51
84 51
100 51
102 51
107 51
108 51
123 51
164 51
2 52
15 52
30 52
31 52
39 52
61 52
104 52
131 52
143 52
153 52
163 52
15 53
33 53
39 53
42 53
85 53
101 53
122 53
133 53
144 53
162 53
20 54
33 54
45 54
55 54
60 54
68 54
73 54
101 54
106 54
108 54
134 54
145 54
147 54
54 55
57 55
74 55
85 55
86 55
101 55
108 55
131 55
132 55
134 55
144 55
151 55
8 56
19 56
24 56
46 56
48 56
62 56
69 56
77 56
128 56
142 56
13 57
17 57
20 57
29 57
45 57
55 57
58 57
65 57
141 57
17 58
34 58
35 58
43 58
46 58
50 58
57 58
65 58
69 58
78 58
85 58
86 58
87 58
103 58
114 58
118 58
132 58
133 58
139 58
141 58
162 58
5 59
11 59
36 59
44 59
48 59
63 59
121 59
157 59
159 59
165 59
25 60
32 60
33 60
54 60
73 60
101 60
108 60
118 60
123 60
147 60
151 60
164 60
15 61
24 61
26 61
30 61
31 61
34 61
52 61
78 61
85 61
153 61
4 62
6 62
10 62
56 62
89 62
92 62
110 62
116 62
128 62
159 62
167 62
7 63
10 63
21 63
42 63
46 63
59 63
78 63
89 63
92 63
112 63
116 63
135 63
162 63
167 63
28 64
50 64
71 64
76 64
79 64
97 64
99 64
114 64
118 64
13 65
34 65
35 65
43 65
57 65
58 65
85 65
86 65
87 65
102 65
103 65
105 65
106 65
118 65
131 65
133 65
135 65
139 65
141 65
144 65
147 65
162 65
40 66
41 66
49 66
75 66
76 66
83 66
120 66
125 66
161 66
169 66
1 67
5 67
16 67
22 67
37 67
38 67
47 67
81 67
82 67
84 67
126 67
127 67
137 67
138 67
7 68
33 68
45 68
54 68
73 68
74 68
106 68
108 68
132 68
145 68
147 68
1 69
3 69
8 69
24 69
27 69
35 69
46 69
48 69
56 69
58 69
77 69
85 69
109 69
142 69
143 69
146 69
152 69
2 70
19 70
22 70
39 70
40 70
73 70
103 70
134 70
135 70
144 70
164 70
33 71
50 71
64 71
76 71
79 71
97 71
98 71
114 71
118 71
162 71
1 72
41 72
49 72
75 72
80 72
85 72
101 72
102 72
105 72
120 72
131 72
161 72
7 73
20 73
26 73
28 73
33 73
45 73
54 73
60 73
68 73
70 73
78 73
100 73
101 73
106 73
108 73
118 73
123 73
134 73
147 73
20 74
41 74
55 74
68 74
75 74
98 74
119 74
132 74
169 74
41 75
49 75
66 75
72 75
74 75
76 75
83 75
97 75
119 75
161 75
34 76
40 76
50 76
64 76
66 76
71 76
75 76
83 76
97 76
106 76
154 76
19 77
23 77
46 77
48 77
56 77
69 77
120 77
136 77
142 77
17 78
34 78
58 78
61 78
63 78
73 78
86 78
132 78
146 78
152 78
153 78
13 79
18 79
28 79
64 79
71 79
94 79
97 79
99 79
101 79
104 79
114 79
118 79
123 79
124 79
151 79
160 79
1 80
13 80
16 80
29 80
31 80
72 80
94 80
101 80
102 80
105 80
106 80
107 80
115 80
118 80
131 80
154 80
155 80
158 80
169 80
5 81
6 81
12 81
36 81
37 81
44 81
47 81
67 81
82 81
121 81
128 81
130 81
137 81
157 81
166 81
5 82
36 82
44 82
67 82
81 82
121 82
138 82
148 82
157 82
165 82
12 83
40 83
41 83
49 83
66 83
75 83
76 83
154 83
161 83
21 84
40 84
51 84
67 84
109 84
119 84
122 84
123 84
126 84
144 84
164 84
2 85
16 85
22 85
31 85
34 85
35 85
43 85
46 85
53 85
55 85
58 85
61 85
65 85
69 85
72 85
86 85
87 85
100 85
101 85
102 85
103 85
104 85
105 85
107 85
118 85
131 85
132 85
133 85
135 85
144 85
145 85
154 85
162 85
169 85
7 86
13 86
34 86
46 86
50 86
55 86
58 86
65 86
78 86
85 86
101 86
118 86
131 86
132 86
135 86
145 86
13 87
34 87
43 87
58 87
65 87
85 87
118 87
139 87
147 87
20 88
24 88
38 88
111 88
121 88
127 88
129 88
150 88
160 88
6 89
10 89
62 89
63 89
92 89
110 89
112 89
116 89
128 89
130 89
167 89
3 90
8 90
23 90
28 90
97 90
115 90
136 90
140 90
143 90
154 90
5 91
12 91
23 91
48 91
126 91
128 91
130 91
142 91
157 91
165 91
166 91
6 92
10 92
15 92
62 92
63 92
89 92
93 92
110 92
112 92
116 92
128 92
165 92
167 92
10 93
92 93
112 93
113 93
116 93
117 93
128 93
156 93
168 93
13 94
79 94
80 94
97 94
101 94
107 94
118 94
125 94
144 94
163 94
4 95
5 95
36 95
42 95
128 95
148 95
149 95
157 95
159 95
165 95
25 96
27 96
48 96
122 96
125 96
134 96
143 96
163 96
164 96
1 97
9 97
18 97
28 97
32 97
64 97
71 97
75 97
76 97
79 97
90 97
94 97
98 97
99 97
114 97
118 97
123 97
124 97
140 97
151 97
164 97
18 98
24 98
28 98
71 98
74 98
97 98
99 98
109 98
110 98
119 98
125 98
144 98
163 98
9 99
28 99
64 99
79 99
97 99
98 99
114 99
123 99
138 99
140 99
1 100
26 100
34 100
51 100
73 100
85 100
118 100
145 100
162 100
1 101
13 101
16 101
22 101
26 101
31 101
33 101
42 101
45 101
50 101
53 101
54 101
55 101
60 101
72 101
73 101
79 101
80 101
85 101
86 101
94 101
102 101
103 101
104 101
105 101
106 101
107 101
108 101
118 101
131 101
132 101
133 101
144 101
145 101
147 101
158 101
162 101
169 101
1 102
13 102
16 102
18 102
51 102
65 102
72 102
80 102
85 102
101 102
107 102
118 102
124 102
154 102
16 103
58 103
65 103
70 103
85 103
101 103
104 103
107 103
131 103
132 103
1 104
16 104
22 104
30 104
52 104
79 104
85 104
101 104
103 104
105 104
107 104
151 104
154 104
16 105
65 105
72 105
80 105
85 105
101 105
104 105
106 105
107 105
118 105
20 106
26 106
33 106
35 106
45 106
54 106
65 106
68 106
73 106
76 106
80 106
101 106
105 106
118 106
123 106
139 106
147 106
153 106
154 106
1 107
13 107
16 107
21 107
51 107
80 107
85 107
94 107
101 107
102 107
103 107
104 107
105 107
118 107
154 107
155 107
158 107
169 107
7 108
20 108
26 108
45 108
51 108
54 108
55 108
60 108
68 108
73 108
101 108
118 108
145 108
147 108
27 109
46 109
48 109
69 109
84 109
98 109
122 109
143 109
144 109
6 110
10 110
27 110
40 110
62 110
89 110
92 110
98 110
111 110
113 110
116 110
119 110
128 110
150 110
159 110
160 110
23 111
38 111
88 111
110 111
121 111
127 111
128 111
129 111
146 111
150 111
6 112
10 112
42 112
63 112
89 112
92 112
93 112
113 112
116 112
117 112
128 112
167 112
168 112
4 113
10 113
25 113
47 113
93 113
110 113
112 113
116 113
117 113
128 113
130 113
137 113
159 113
168 113
28 114
50 114
58 114
64 114
71 114
79 114
97 114
99 114
118 114
7 115
23 115
27 115
48 115
49 115
80 115
90 115
123 115
142 115
6 116
10 116
25 116
42 116
62 116
63 116
89 116
92 116
93 116
110 116
112 116
113 116
128 116
156 116
167 116
168 116
11 117
24 117
27 117
36 117
44 117
93 117
112 117
113 117
121 117
167 117
1 118
13 118
18 118
26 118
28 118
29 118
33 118
34 118
43 118
45 118
50 118
58 118
60 118
64 118
65 118
71 118
73 118
79 118
80 118
85 118
86 118
87 118
94 118
97 118
100 118
101 118
102 118
105 118
106 118
107 118
108 118
114 118
133 118
139 118
141 118
144 118
147 118
151 118
155 118
158 118
162 118
169 118
42 119
74 119
75 119
84 119
98 119
110 119
123 119
161 119
169 119
3 120
19 120
27 120
48 120
66 120
72 120
77 120
125 120
136 120
143 120
161 120
11 121
24 121
36 121
44 121
59 121
81 121
82 121
88 121
111 121
117 121
127 121
128 121
130 121
137 121
138 121
150 121
9 122
17 122
20 122
21 122
33 122
40 122
53 122
84 122
96 122
109 122
123 122
125 122
144 122
147 122
158 122
163 122
9 123
13 123
28 123
32 123
33 123
51 123
60 123
73 123
79 123
84 123
97 123
99 123
106 123
115 123
119 123
122 123
124 123
140 123
144 123
147 123
151 123
164 123
169 123
28 124
32 124
34 124
79 124
97 124
102 124
123 124
140 124
151 124
9 125
32 125
66 125
94 125
96 125
98 125
120 125
122 125
163 125
5 126
12 126
14 126
23 126
38 126
48 126
67 126
84 126
91 126
127 126
129 126
130 126
160 126
166 126
5 127
12 127
23 127
38 127
44 127
48 127
67 127
88 127
111 127
121 127
126 127
129 127
150 127
166 127
4 128
5 128
10 128
56 128
62 128
81 128
89 128
91 128
92 128
93 128
95 128
110 128
111 128
112 128
113 128
116 128
121 128
129 128
130 128
148 128
149 128
156 128
165 128
166 128
168 128
5 129
38 129
48 129
88 129
111 129
126 129
127 129
128 129
150 129
36 130
37 130
38 130
44 130
48 130
81 130
89 130
91 130
113 130
121 130
126 130
128 130
137 130
148 130
156 130
157 130
165 130
168 130
26 131
35 131
42 131
45 131
46 131
52 131
55 131
65 131
72 131
80 131
85 131
86 131
101 131
103 131
132 131
135 131
162 131
34 132
35 132
50 132
55 132
58 132
68 132
74 132
78 132
85 132
86 132
101 132
103 132
131 132
134 132
135 132
142 132
145 132
43 133
50 133
53 133
58 133
65 133
85 133
101 133
118 133
144 133
162 133
19 134
34 134
40 134
43 134
54 134
55 134
70 134
73 134
96 134
132 134
143 134
2 135
63 135
65 135
70 135
85 135
86 135
131 135
132 135
144 135
162 135
3 136
6 136
8 136
14 136
77 136
90 136
120 136
140 136
146 136
154 136
161 136
24 137
37 137
44 137
47 137
67 137
81 137
113 137
121 137
130 137
5 138
11 138
24 138
44 138
67 138
82 138
99 138
121 138
157 138
18 139
33 139
35 139
58 139
65 139
87 139
106 139
118 139
147 139
4 140
9 140
17 140
28 140
90 140
97 140
99 140
123 140
124 140
136 140
164 140
17 141
29 141
33 141
45 141
57 141
58 141
65 141
118 141
162 141
2 142
7 142
46 142
49 142
56 142
69 142
77 142
91 142
115 142
132 142
46 143
48 143
52 143
69 143
90 143
96 143
109 143
120 143
134 143
162 143
2 144
17 144
22 144
34 144
40 144
43 144
50 144
53 144
55 144
65 144
70 144
84 144
85 144
94 144
98 144
101 144
109 144
118 144
122 144
123 144
133 144
135 144
147 144
163 144
169 144
1 145
7 145
26 145
50 145
54 145
68 145
85 145
86 145
100 145
101 145
108 145
132 145
147 145
32 146
34 146
46 146
69 146
78 146
111 146
136 146
153 146
163 146
13 147
20 147
26 147
29 147
33 147
43 147
45 147
54 147
60 147
65 147
68 147
73 147
87 147
101 147
106 147
108 147
118 147
122 147
123 147
139 147
144 147
145 147
155 147
158 147
162 147
11 148
25 148
36 148
37 148
47 148
82 148
95 148
128 148
130 148
149 148
156 148
157 148
159 148
165 148
166 148
4 149
5 149
12 149
42 149
95 149
128 149
148 149
156 149
157 149
159 149
165 149
38 150
88 150
110 150
111 150
121 150
127 150
129 150
160 150
167 150
28 151
55 151
60 151
79 151
97 151
104 151
118 151
123 151
124 151
8 152
9 152
44 152
46 152
48 152
69 152
78 152
154 152
161 152
15 153
30 153
31 153
40 153
52 153
61 153
78 153
106 153
146 153
1 154
16 154
23 154
41 154
49 154
76 154
80 154
83 154
85 154
90 154
102 154
104 154
106 154
107 154
136 154
152 154
158 154
1 155
13 155
21 155
29 155
45 155
80 155
107 155
118 155
147 155
158 155
10 156
37 156
44 156
93 156
116 156
128 156
130 156
148 156
149 156
157 156
165 156
168 156
5 157
12 157
36 157
37 157
44 157
59 157
81 157
82 157
91 157
95 157
130 157
138 157
148 157
149 157
156 157
165 157
166 157
1 158
13 158
20 158
21 158
29 158
45 158
80 158
101 158
107 158
118 158
122 158
147 158
154 158
155 158
4 159
11 159
14 159
25 159
42 159
59 159
62 159
95 159
110 159
113 159
148 159
149 159
168 159
14 160
24 160
34 160
38 160
79 160
88 160
110 160
126 160
150 160
163 160
41 161
44 161
49 161
66 161
72 161
75 161
83 161
119 161
120 161
136 161
152 161
21 162
29 162
33 162
35 162
45 162
53 162
58 162
63 162
65 162
71 162
85 162
100 162
101 162
118 162
131 162
133 162
135 162
141 162
143 162
147 162
30 163
31 163
32 163
39 163
52 163
94 163
96 163
98 163
122 163
125 163
144 163
146 163
160 163
9 164
25 164
28 164
40 164
51 164
60 164
70 164
84 164
96 164
97 164
123 164
140 164
5 165
11 165
12 165
15 165
36 165
37 165
59 165
82 165
91 165
92 165
95 165
128 165
130 165
148 165
149 165
156 165
157 165
5 166
12 166
23 166
24 166
81 166
91 166
126 166
127 166
128 166
148 166
157 166
4 167
10 167
42 167
62 167
63 167
89 167
92 167
112 167
116 167
117 167
150 167
4 168
10 168
19 168
25 168
93 168
112 168
113 168
116 168
128 168
130 168
156 168
159 168
1 169
16 169
66 169
74 169
80 169
85 169
101 169
107 169
118 169
119 169
123 169
144 169
