51 4
38 14
27 25
34 14
59 36
8 3
58 38
59 3
57 54
37 34
36 1
32 9
42 0
19 7
51 29
47 20
24 14
37 16
21 18
50 14
52 40
42 30
51 18
40 37
43 33
44 34
27 17
45 29
26 25
9 5
24 15
26 1
43 29
59 45
29 18
37 33
27 26
38 33
28 20
57 6
13 6
45 15
20 8
47 10
61 2
37 14
40 15
34 33
40 0
61 53
45 37
57 17
41 9
33 12
50 42
25 17
43 37
43 38
45 8
52 14
50 16
29 21
51 45
28 1
52 38
54 7
46 43
56 6
50 20
50 45
42 2
54 6
45 24
17 13
10 2
16 14
49 34
30 28
45 21
54 41
36 20
45 18
38 20
30 19
57 5
40 14
55 51
57 13
14 3
51 24
44 20
47 28
33 16
10 0
40 7
37 8
