9 6
13 9
17 1
18 15
20 18
22 17
27 1
29 24
32 13
33 14
35 29
36 23
37 36
38 16
39 36
40 36
41 1
41 13
42 10
43 14
45 23
51 11
51 23
54 13
54 19
56 5
57 9
57 39
59 8
60 32
61 37
37 8
57 5
56 6
14 3
16 14
28 8
28 1
47 0
32 9
43 33
50 16
26 25
36 1
13 6
29 18
52 29
50 20
40 33
52 38
17 6
40 37
59 15
28 20
40 14
15 0
19 1
55 51
20 16
57 6
38 33
47 30
43 38
37 16
25 17
38 14
45 37
24 15
54 41
10 2
51 29
45 18
47 20
43 37
59 3
57 54
24 18
57 41
61 53
54 1
44 38
40 7
50 42
59 36
51 18
30 7
50 14
52 40
50 33
36 20
37 33
33 16
41 9
59 45
47 42
17 13
