98 48
52 5
91 66
84 74
88 83
64 9
69 24
114 88
107 5
111 21
57 1
36 19
38 12
11 3
84 49
112 91
33 1
90 11
71 54
101 30
114 73
78 8
99 85
98 84
104 11
105 62
82 80
109 30
37 25
27 1
113 76
97 58
96 20
38 26
76 70
4 0
25 24
65 17
64 2
106 60
113 59
106 39
89 25
43 36
49 48
106 2
6 2
95 69
100 39
96 56
47 2
101 19
111 108
9 8
70 43
101 55
114 46
108 4
42 34
112 92
97 11
94 19
103 33
74 10
106 92
79 35
113 95
65 20
19 18
14 2
78 28
114 49
100 64
54 14
61 18
105 25
21 8
7 6
28 24
106 56
61 54
82 7
110 24
57 42
107 72
89 1
109 105
18 12
92 91
79 30
80 37
82 74
67 46
77 8
95 37
62 27
8 7
95 17
99 34
89 88
51 21
69 50
109 25
41 0
55 35
108 78
60 47
73 49
94 82
71 34
93 91
98 52
108 22
86 80
81 5
61 31
83 67
113 70
89 33
13 2
94 35
90 69
98 81
90 28
62 61
99 18
44 35
35 30
96 65
111 23
61 26
82 29
34 12
94 29
68 7
87 65
83 81
47 32
54 39
98 40
30 29
44 19
100 99
28 11
108 21
25 1
43 42
65 63
114 110
86 57
88 73
57 56
81 40
109 45
10 5
93 4
59 36
23 4
50 11
38 16
98 97
61 43
15 2
30 19
96 27
74 73
104 0
93 41
75 66
65 0
55 30
47 22
39 6
110 80
110 67
45 13
64 63
38 18
32 21
93 82
78 23
104 23
83 46
87 17
68 50
3 2
24 11
79 55
95 70
102 10
64 47
112 66
35 19
80 79
109 63
95 62
15 14
55 54
76 66
71 14
43 12
60 10
86 75
41 16
68 67
51 22
66 65
105 33
33 19
111 46
107 40
68 51
101 35
56 27
72 10
60 59
53 48
36 18
64 60
105 1
55 31
90 8
78 7
71 31
21 20
107 81
114 83
67 41
40 7
54 31
1 0
55 19
35 0
112 75
47 15
81 10
54 38
49 32
103 37
83 73
81 3
84 24
67 53
68 21
109 89
85 26
92 48
72 71
9 0
41 9
99 89
110 83
110 53
9 4
63 59
87 86
66 44
17 16
100 6
14 12
82 39
69 28
114 67
37 33
74 72
87 20
107 10
95 87
111 78
68 15
22 21
71 38
92 15
111 51
111 77
90 5
39 15
99 61
112 57
16 0
66 48
104 9
70 27
49 46
104 4
28 4
100 47
106 13
103 70
74 52
112 44
72 40
32 6
99 14
75 44
61 47
105 89
94 34
88 67
58 17
84 10
44 30
113 87
70 20
27 26
45 37
77 73
41 8
84 3
53 49
99 54
41 40
95 56
17 12
78 77
74 3
23 9
86 66
23 22
47 6
87 56
113 96
54 34
79 43
22 7
87 24
53 46
103 25
61 34
72 3
42 18
92 75
89 55
76 20
67 49
53 52
106 6
111 7
92 57
88 53
102 3
69 11
38 28
107 84
34 18
111 68
109 79
67 16
27 17
97 63
92 66
105 37
50 28
72 52
101 58
42 26
52 3
73 53
83 53
105 103
31 18
36 20
88 46
71 60
101 1
78 51
105 80
84 52
