0:0 16 41 1 9 104 4 93 23 
1:1 33 25 105 0 57 89 109 103 37 45 
2:2 13 14 6 64 3 47 32 60 100 106 15 39 
3:3 72 102 58 2 52 81 40 74 107 10 98 84 5 97 
4:4 93 23 108 69 9 0 104 41 16 22 
5:5 97 90 52 81 84 10 98 107 74 3 11 72 102 40 
6:6 7 2 32 39 47 100 64 106 15 60 13 
7:7 6 40 8 22 68 21 78 51 108 111 77 
8:8 78 7 21 90 77 51 111 108 22 68 
9:9 41 23 0 104 64 4 93 16 
10:10 102 72 74 84 107 98 52 3 5 40 81 
11:11 50 90 28 69 24 
12:12 26 13 14 36 34 43 54 38 18 99 2 71 61 85 31 42 
13:13 45 106 2 12 32 100 64 15 47 6 39 60 
14:14 54 2 71 12 99 34 38 18 85 61 31 26 43 42 36 
15:15 68 106 32 92 60 13 47 39 64 6 2 100 
16:16 17 0 38 93 81 4 9 104 41 23 
17:17 16 58 27 12 62 65 63 26 95 56 87 96 113 76 70 20 59 36 97 43 42 38 85 14 18 
18:18 99 42 31 36 34 61 71 54 43 12 14 38 26 85 
19:19 101 33 36 55 94 30 35 29 79 44 43 
20:20 36 70 21 96 76 56 113 43 59 65 27 95 87 63 17 62 58 97 
21:21 51 68 108 20 8 111 78 77 22 7 
22:22 108 23 78 7 77 51 111 8 21 68 
23:23 4 9 104 111 22 93 108 0 41 16 78 8 51 21 77 68 7 
24:24 28 25 110 69 87 50 11 90 95 113 56 70 96 76 20 65 27 62 17 
25:25 1 24 105 103 37 109 33 89 45 
26:26 27 12 38 85 14 43 17 71 54 99 16 36 34 18 61 31 42 
27:27 26 17 63 56 62 65 95 96 87 70 113 76 20 
28:28 38 11 78 24 50 69 90 
29:29 94 30 101 91 35 82 55 19 79 80 44 
30:30 55 29 101 94 44 35 19 79 
31:31 61 71 32 18 34 99 54 38 14 85 12 26 43 42 36 
32:32 49 47 13 31 106 6 39 2 64 15 60 100 
33:33 1 103 37 19 105 25 89 109 45 
34:34 99 61 71 12 54 18 31 14 38 85 26 43 42 36 
35:35 79 101 55 94 44 29 30 19 
36:36 59 43 20 12 70 26 14 58 76 113 38 85 17 27 95 96 16 71 56 62 65 87 63 54 97 99 34 61 18 31 42 
37:37 80 95 33 45 103 25 105 1 109 89 62 
38:38 71 28 26 16 12 54 14 34 18 17 85 99 61 31 43 42 36 
39:39 54 82 100 106 6 60 47 64 15 32 13 2 14 71 99 34 31 61 18 38 85 12 26 43 42 36 
40:40 41 7 102 52 74 72 3 10 82 8 84 107 98 81 5 
41:41 40 9 0 93 8 104 4 16 23 
42:42 57 43 18 26 36 12 38 61 34 31 71 99 54 14 85 
43:43 36 79 42 12 18 26 59 19 14 38 34 85 31 99 71 61 54 
44:44 75 35 66 19 86 30 101 55 79 94 29 91 112 92 48 57 42 
45:45 109 13 62 37 33 103 105 25 1 89 
46:46 49 114 83 88 67 53 73 110 
47:47 64 32 100 2 6 15 60 13 106 39 
48:48 91 49 98 92 66 53 86 112 46 57 67 44 73 75 84 88 83 114 110 52 97 5 81 107 10 72 74 40 102 3 
49:49 32 46 48 73 114 67 53 83 88 110 
50:50 69 11 28 24 90 
51:51 21 111 78 8 50 22 108 77 68 7 
52:52 72 74 84 112 3 10 102 5 40 107 98 81 97 
53:53 88 67 83 48 52 73 49 46 114 110 
54:54 14 39 71 34 38 99 12 18 61 31 26 85 43 42 36 
55:55 30 94 89 35 19 29 101 79 44 
56:56 96 95 76 62 27 70 17 87 113 20 65 
57:57 42 75 112 92 86 66 91 44 48 
58:58 101 17 59 36 63 16 97 65 19 27 20 96 66 12 76 112 87 113 26 56 95 70 62 43 75 42 57 44 86 92 48 91 
59:59 36 63 58 97 101 19 112 18 42 57 43 79 12 75 44 35 66 86 30 26 34 29 92 55 94 91 48 61 31 99 54 85 14 71 38 80 
60:60 64 59 106 71 10 15 47 13 2 32 39 6 100 14 54 99 34 31 61 18 85 38 12 26 43 36 42 
61:61 31 34 54 43 62 18 99 71 42 36 12 14 38 26 85 
62:62 105 45 56 17 27 95 109 96 65 1 70 76 37 25 103 113 87 33 20 89 
63:63 65 97 59 64 112 66 60 96 58 17 76 75 27 56 20 44 113 70 87 95 62 86 36 57 48 92 91 
64:64 60 47 100 63 2 6 15 39 13 32 106 
65:65 63 66 87 96 17 27 56 95 113 112 20 76 62 70 59 97 75 58 86 44 36 57 92 48 91 
66:66 65 59 48 76 44 75 86 112 96 63 92 57 91 97 56 42 27 87 20 113 95 70 17 62 58 36 
67:67 53 68 73 49 88 83 46 114 110 
68:68 21 15 67 7 111 8 108 51 77 46 78 22 73 114 49 83 53 88 110 
69:69 50 24 95 90 4 11 28 87 113 104 23 9 93 0 41 16 
70:70 103 76 20 113 56 96 95 87 62 27 65 17 
71:71 38 14 31 34 54 99 61 18 12 85 26 43 42 36 
72:72 107 3 52 74 10 102 40 84 5 98 81 
73:73 83 77 49 88 67 53 46 114 110 
74:74 82 52 72 84 10 40 102 107 98 3 81 5 
75:75 44 112 86 57 66 92 91 48 
76:76 70 96 56 20 66 113 65 95 87 27 17 62 
77:77 73 78 8 21 111 22 108 51 7 68 
78:78 28 108 8 111 22 77 51 21 7 68 
79:79 35 43 109 80 19 30 101 55 94 29 44 82 
80:80 37 110 82 85 105 94 74 29 30 25 33 103 35 109 79 1 45 55 19 89 101 44 
81:81 107 98 3 5 40 72 84 52 102 10 74 
82:82 74 39 80 94 29 30 35 79 100 101 55 19 44 
83:83 73 46 114 53 49 67 88 110 
84:84 98 52 74 10 5 102 81 107 72 40 3 
85:85 80 99 26 14 31 71 54 61 12 34 18 43 38 42 36 
86:86 75 57 91 44 92 112 66 48 
87:87 65 24 95 113 56 20 96 70 17 76 62 69 27 
88:88 53 58 89 73 46 83 114 67 49 110 
89:89 55 103 88 109 99 1 105 25 33 45 37 
90:90 11 28 5 69 50 24 97 
91:91 93 48 29 112 92 86 66 57 75 44 42 
92:92 48 57 106 91 15 112 75 66 86 42 44 
93:93 91 4 16 41 0 9 23 104 
94:94 29 55 35 82 19 30 101 79 80 44 
95:95 113 56 37 69 87 70 96 24 62 65 76 27 20 17 50 28 11 90 
96:96 56 76 112 20 65 70 87 66 27 63 75 113 95 17 62 59 97 36 58 86 44 57 92 48 91 
97:97 63 112 5 59 58 52 66 36 65 75 3 84 98 74 44 86 72 107 81 10 40 102 48 57 92 91 42 
98:98 81 84 48 10 107 5 102 72 40 52 74 3 
99:99 34 18 85 100 14 54 71 61 12 31 38 26 43 42 36 
100:100 64 39 99 47 60 6 32 2 54 15 106 13 14 71 31 34 61 18 38 85 12 26 43 42 36 
101:101 58 19 35 29 30 94 55 79 44 
102:102 10 3 40 72 74 52 107 81 98 84 5 
103:103 70 33 89 37 25 105 1 109 45 
104:104 23 11 9 0 4 41 93 16 90 28 50 69 24 
105:105 62 25 109 1 33 45 103 37 89 
106:106 13 15 32 39 60 47 6 64 2 100 
107:107 72 81 10 75 98 5 102 84 3 40 52 74 
108:108 22 78 21 111 51 77 68 8 7 
109:109 45 79 105 89 25 1 33 103 37 
110:110 80 114 24 67 83 53 46 73 88 49 
111:111 51 108 23 78 21 77 8 22 68 7 
112:112 75 97 96 63 57 86 42 44 92 65 56 66 91 48 76 87 20 59 113 70 95 27 17 62 58 36 
113:113 95 87 70 56 20 76 65 96 27 17 62 
114:114 110 46 83 15 49 67 53 73 88 
