107 40
89 37
88 58
96 76
62 56
92 86
107 81
99 14
32 13
32 31
61 54
86 53
68 22
96 56
33 25
26 12
103 37
87 24
89 55
76 56
61 47
10 5
26 3
84 74
107 72
111 51
44 35
23 0
44 19
35 30
109 89
75 57
109 1
98 81
28 11
60 59
16 0
98 10
28 24
61 43
98 40
100 64
68 67
86 44
71 38
105 25
62 17
16 4
27 26
68 7
89 88
70 27
98 77
105 37
87 65
61 31
91 44
44 30
90 8
114 53
52 40
86 48
111 23
33 19
101 19
37 1
114 49
59 36
101 58
110 80
71 14
75 44
79 35
60 15
51 21
89 1
62 45
9 0
113 20
112 75
54 39
41 9
23 9
67 46
70 43
50 11
63 58
96 87
80 79
96 65
7 6
60 39
37 33
98 5
109 103
34 31
38 28
95 69
88 69
91 29
100 13
43 36
111 8
86 75
94 82
45 44
107 98
25 1
110 67
76 62
41 40
74 72
52 5
95 27
102 40
60 47
102 98
56 27
61 34
111 77
112 97
47 2
36 18
51 8
95 56
92 66
114 15
77 7
45 13
50 28
29 19
100 32
68 15
83 67
109 45
112 91
34 12
70 69
93 4
95 37
88 46
64 47
104 0
74 2
87 86
93 23
84 81
83 81
95 70
74 10
8 7
109 105
27 17
32 15
103 25
3 2
108 4
85 80
9 8
113 70
84 52
69 4
111 78
97 5
79 43
38 18
82 74
106 64
66 48
49 32
66 44
76 75
104 23
94 30
14 2
70 20
106 60
66 65
36 20
84 24
106 32
102 74
101 35
86 66
97 86
84 10
49 46
54 14
43 12
93 16
96 20
65 17
110 13
1 0
64 32
91 86
101 94
66 59
90 28
30 29
96 17
112 63
100 47
87 62
107 10
104 41
103 89
82 30
93 9
69 11
38 14
107 75
111 108
111 21
69 24
41 4
78 77
108 22
76 70
64 13
13 12
47 6
105 33
92 48
94 29
71 61
87 20
101 29
93 41
47 32
25 24
83 73
40 7
114 110
57 42
114 83
108 21
53 52
55 30
81 40
38 26
113 65
103 102
106 15
90 24
114 46
104 9
101 79
69 50
33 1
91 80
63 27
84 83
99 54
59 58
75 66
4 0
112 96
50 24
70 56
58 3
79 31
65 63
70 62
104 93
91 48
105 1
108 78
110 83
82 39
100 39
94 55
71 34
72 2
105 62
67 53
23 4
60 13
98 84
58 36
39 32
34 26
103 70
62 20
83 46
68 21
71 54
104 72
113 17
90 11
113 87
99 18
95 87
78 8
21 8
53 48
65 27
54 18
93 91
35 29
81 16
43 38
81 72
83 53
114 104
92 61
74 52
31 18
104 11
54 38
107 88
79 19
63 42
41 8
113 95
70 65
67 49
81 5
53 49
50 30
95 17
102 10
110 46
78 28
58 17
39 13
99 71
72 52
77 8
77 21
38 16
72 3
78 22
110 24
74 40
110 53
83 49
82 80
36 19
88 53
104 67
49 48
73 67
73 7
76 59
41 0
80 37
106 92
47 39
109 79
102 72
107 102
76 20
104 87
11 5
36 12
78 68
64 60
17 16
84 5
112 52
53 46
21 20
9 4
71 60
21 7
105 45
99 34
