5 4
5 3
11 10
15 13
16 9
20 17
22 9
22 8
23 16
26 14
33 0
35 34
37 36
39 38
40 3
41 23
42 29
43 26
43 31
43 14
45 33
45 1
45 25
46 21
47 46
48 44
51 50
51 40
53 25
55 6
55 29
57 44
57 48
58 6
60 6
60 2
64 6
65 56
66 24
68 8
71 18
73 46
74 5
75 20
75 48
76 27
77 22
77 51
78 50
79 29
80 29
82 81
82 77
83 69
85 6
85 14
85 38
85 43
85 12
85 31
88 49
89 45
90 23
90 0
90 50
91 69
91 57
92 35
93 0
93 80
94 79
94 80
95 76
96 48
97 59
99 31
100 82
100 2
100 15
101 51
102 100
102 52
103 45
103 1
104 16
106 25
108 9
108 7
108 51
108 77
108 68
109 33
109 37
110 88
110 49
110 73
111 64
113 28
114 58
95 37
55 19
60 15
17 16
109 1
74 40
16 0
110 80
83 46
93 82
88 73
106 15
102 40
57 1
13 12
38 28
26 12
69 50
95 87
92 15
93 91
91 29
112 92
23 22
86 44
71 38
86 75
28 24
100 99
111 51
54 39
49 46
59 58
102 3
78 51
83 73
91 86
36 20
112 97
72 10
103 70
107 81
105 80
62 17
95 56
92 61
101 19
59 36
112 52
111 23
108 21
95 27
62 61
106 39
88 83
111 7
86 57
112 96
98 5
92 57
83 53
64 63
65 63
63 27
105 103
95 69
8 7
101 29
1 0
73 67
21 20
86 80
94 35
95 62
78 22
111 68
58 3
114 15
80 37
107 72
79 43
65 0
64 2
104 0
17 12
70 20
98 84
109 25
13 2
62 56
61 34
73 49
104 93
114 53
110 24
106 13
114 83
99 18
21 7
41 0
72 3
87 65
62 45
88 53
47 39
33 1
111 46
77 21
102 10
22 7
54 34
93 9
52 40
79 19
104 4
64 47
93 23
84 5
63 59
94 29
87 56
67 41
111 21
69 4
14 12
57 42
64 60
112 75
70 56
99 85
79 30
114 110
99 71
106 32
52 3
85 80
94 19
111 78
47 32
96 76
23 4
91 48
88 58
27 17
70 69
113 95
30 19
39 6
107 5
82 39
75 57
104 23
76 56
104 9
98 81
112 63
60 39
51 8
93 16
114 46
28 11
25 24
105 89
114 67
76 66
47 15
6 2
21 8
96 56
77 73
109 105
104 11
73 7
103 89
23 9
37 25
11 3
73 53
108 22
99 34
105 62
9 0
69 24
88 67
40 7
38 12
99 61
60 10
78 8
61 18
32 6
35 29
50 24
66 65
67 53
64 9
103 33
50 11
104 41
94 30
58 17
86 53
98 48
82 7
27 26
101 30
19 18
42 18
43 42
98 10
34 18
82 74
65 27
32 13
71 31
112 57
32 31
62 27
104 67
111 108
109 79
45 37
92 91
97 5
43 36
7 6
90 5
76 70
36 12
55 35
55 30
32 15
84 83
107 98
41 40
61 31
82 29
54 14
97 63
105 25
87 24
51 21
30 29
75 44
99 89
93 4
90 69
90 11
66 59
41 9
79 35
94 55
81 3
82 80
107 75
49 32
112 66
101 58
24 11
92 86
111 8
109 45
78 28
25 1
108 78
68 21
114 104
105 1
104 87
