0:0 10 15 55 40 2 59 36 3 8 45 23 37 61 53 43 46 14 24 33 49 34 29 16 50 21 12 38 51 52 18 42 20 44 4 58 47 11 28 30 35 7 19 
1:1 36 26 54 27 25 7 19 17 40 22 31 
2:2 10 61 53 
3:3 59 8 
4:4 51 11 23 55 
5:5 56 
6:6 9 56 57 5 13 39 41 54 32 60 48 
7:7 27 30 19 26 47 28 25 1 42 54 17 22 31 
8:8 3 28 59 
9:9 5 41 6 13 57 56 54 39 32 60 48 
10:10 2 0 42 47 30 28 
11:11 51 4 23 55 
12:12 33 34 16 43 38 14 37 52 44 58 50 40 49 53 46 20 61 36 2 42 0 10 47 30 28 7 19 
13:13 41 32 57 5 9 39 56 54 6 60 48 
14:14 24 16 0 50 38 40 33 52 15 20 42 47 44 34 10 58 2 12 55 30 28 7 49 19 46 43 37 53 61 
15:15 59 55 0 24 3 10 14 40 8 36 45 37 23 2 61 16 50 33 42 34 20 12 47 44 38 18 52 21 28 51 43 29 53 30 4 58 11 35 7 49 46 19 
16:16 14 20 38 50 52 44 33 34 58 12 49 46 43 37 53 40 61 36 2 42 0 10 47 30 28 7 19 
17:17 25 22 31 27 26 1 
18:18 21 51 29 4 11 23 45 24 35 15 55 
19:19 7 54 30 1 27 28 41 26 25 17 22 31 47 42 
20:20 50 44 16 38 14 42 33 52 58 47 34 0 12 30 10 28 40 2 7 49 19 46 43 37 61 53 
21:21 18 45 29 51 24 35 23 4 11 15 55 
22:22 17 25 31 27 26 1 
23:23 51 4 11 18 29 21 24 45 35 15 55 
24:24 14 15 29 0 18 45 43 40 51 55 59 21 3 23 10 36 4 11 37 8 33 52 35 53 61 38 34 50 16 20 58 12 2 44 42 47 49 46 28 30 7 19 
25:25 26 17 27 22 31 1 
26:26 25 27 17 1 22 31 
27:27 26 7 1 25 19 54 17 22 31 
28:28 30 8 47 42 3 59 
29:29 43 51 24 21 18 45 4 11 53 23 15 46 55 35 49 61 37 
30:30 47 7 28 42 19 
31:31 17 25 22 27 26 1 
32:32 60 
33:33 34 12 16 43 38 14 37 52 44 58 50 40 49 53 46 20 61 36 2 42 0 10 47 30 28 7 19 
34:34 49 46 
35:35 29 43 51 24 21 18 45 4 11 53 23 46 15 55 49 61 37 
36:36 1 40 59 23 15 3 26 7 54 27 19 8 25 55 17 45 22 31 0 10 2 28 30 47 42 
37:37 43 61 8 33 34 53 12 3 49 46 59 
38:38 52 58 44 
39:39 57 48 6 54 9 13 41 5 56 32 60 
40:40 36 7 0 15 59 55 10 14 1 27 26 24 3 19 8 54 25 17 45 28 30 22 31 23 47 37 42 2 50 20 16 33 61 34 12 38 44 52 58 43 53 29 18 21 51 4 11 35 49 46 
41:41 9 13 5 57 32 6 39 56 54 60 48 
42:42 47 50 2 10 30 20 28 0 44 16 14 38 52 58 33 34 40 12 7 49 19 46 43 37 61 53 
43:43 53 46 37 61 49 34 33 12 
44:44 20 38 52 16 58 50 14 33 34 12 49 46 43 37 53 40 61 36 2 42 0 10 47 30 28 7 19 
45:45 21 8 50 15 29 23 51 18 59 24 3 20 55 4 11 35 
46:46 49 
47:47 30 42 28 
48:48 57 39 13 6 54 41 9 5 32 56 60 
49:49 46 
50:50 42 20 14 16 47 38 33 52 44 0 34 58 10 40 12 30 2 28 7 49 19 46 43 37 61 53 
51:51 4 11 18 23 29 21 24 45 35 15 55 
52:52 38 58 44 
53:53 61 
54:54 1 19 57 6 39 41 13 9 17 5 22 31 32 56 60 48 25 26 27 7 
55:55 15 59 0 24 3 10 14 40 8 36 45 37 23 2 61 16 50 33 42 34 20 12 47 44 38 18 52 21 28 51 43 29 53 30 4 58 11 35 7 49 46 19 
56:56 5 
57:57 39 13 6 54 9 41 5 32 56 60 48 
58:58 38 52 44 
59:59 3 15 8 55 45 24 18 21 29 51 23 4 11 35 
60:60 32 
61:61 53 
