40 33
50 33
19 7
45 15
40 7
33 12
29 18
21 18
28 8
57 39
35 29
38 33
52 38
51 18
47 28
41 1
51 23
15 0
55 15
47 0
51 29
33 16
51 50
45 8
40 0
26 25
41 9
10 0
26 1
18 15
34 33
25 17
47 20
43 14
29 21
44 38
49 34
33 21
13 9
43 37
57 5
14 0
8 3
24 14
37 36
50 14
27 1
37 16
29 24
37 21
40 36
22 17
16 14
43 29
60 32
57 9
61 53
27 17
40 15
33 14
43 33
54 1
59 36
44 20
52 14
59 8
51 45
57 41
9 5
53 43
47 42
27 25
36 1
42 10
57 54
59 45
41 13
50 42
29 10
50 20
61 37
59 3
59 15
45 18
47 30
57 13
37 8
38 16
17 9
30 7
10 2
45 29
32 13
56 5
57 17
42 0
