1 3 5 10 13 14 15 17 23 26 27 29 
3 5 9 14 15 18 20 21 26 29 30 65 88 
1 2 3 5 6 15 16 17 23 24 27 28 29 30 
4 7 10 12 13 16 18 21 22 23 24 26 28 30 72 
1 2 3 6 7 8 9 10 11 12 16 17 18 19 20 22 23 24 25 26 27 29 30 
3 5 7 8 9 10 11 17 20 21 23 25 26 27 28 29 30 
4 5 6 7 9 10 11 13 16 21 22 23 24 26 27 29 30 94 
5 6 8 9 10 11 12 13 14 15 16 17 19 20 22 27 28 30 86 
2 5 6 7 8 9 13 15 19 20 21 22 24 26 28 42 49 79 
1 4 5 6 7 8 11 12 13 14 18 19 20 21 22 23 26 27 28 60 
5 6 7 8 10 11 12 13 15 16 18 19 20 23 24 26 27 28 30 43 
4 5 8 10 11 13 18 25 26 27 28 29 30 
1 4 7 8 9 10 11 12 13 15 16 23 30 39 95 
1 2 8 10 14 18 21 22 23 25 26 27 30 98 
1 2 3 8 9 11 13 15 20 62 
3 4 5 7 8 11 13 16 17 21 23 24 28 29 30 
1 3 5 6 8 16 18 19 21 22 23 27 28 29 30 
2 4 5 10 11 12 14 17 18 19 20 21 22 24 25 26 28 29 30 81 
5 8 9 10 11 17 18 19 20 21 22 23 28 29 30 53 
2 5 6 8 9 10 11 15 18 19 20 21 22 23 24 29 35 
2 4 6 7 9 10 14 16 17 18 19 20 21 24 25 27 28 34 
4 5 7 8 9 10 14 17 18 19 20 24 25 26 27 29 
1 3 4 5 6 7 10 11 13 14 16 17 19 20 23 27 30 
3 4 5 7 9 11 16 18 20 21 22 24 29 
5 6 12 14 18 21 22 25 30 
1 2 4 5 6 7 9 10 11 12 14 18 22 28 31 72 76 83 
1 3 5 6 7 8 10 11 12 14 17 21 22 23 28 29 71 73 99 
3 4 6 8 9 10 11 12 16 17 18 19 21 26 27 29 
1 2 3 5 6 7 12 16 17 18 19 20 22 24 27 28 29 30 
2 3 4 5 6 7 8 11 12 13 14 16 17 18 19 23 25 29 30 52 
26 31 33 40 41 43 45 49 56 
32 39 44 45 48 
31 33 34 37 41 42 43 44 45 47 48 49 
21 33 34 36 37 38 41 43 45 65 
20 35 37 38 42 44 46 47 
34 36 37 40 41 43 45 46 48 50 67 
33 34 35 36 37 44 45 
34 35 38 39 50 
13 32 38 39 40 41 43 44 46 48 50 57 58 73 99 
31 36 39 40 41 42 44 47 48 49 
31 33 34 36 39 40 41 48 49 
9 33 35 40 42 43 46 47 48 50 
11 31 33 34 36 39 42 44 46 82 97 
32 33 35 37 39 40 43 44 45 47 
31 32 33 34 36 37 44 46 48 50 
35 36 39 42 43 45 46 48 49 50 89 93 
33 35 40 42 44 47 50 77 
32 33 36 39 40 41 42 45 46 48 49 50 
9 31 33 40 41 46 48 50 66 
36 38 39 42 45 46 47 48 49 
51 52 54 55 56 59 65 79 
30 51 52 54 55 57 59 61 63 65 
19 53 55 56 57 60 61 62 63 
51 52 56 58 59 60 61 62 63 75 
51 52 53 56 57 58 60 61 85 
31 51 53 54 55 56 58 59 60 61 62 63 64 92 
39 52 53 55 57 61 62 64 
39 54 55 56 58 62 63 87 
51 52 54 56 62 65 96 
10 53 54 55 56 60 61 63 
52 53 54 55 56 57 60 61 63 69 
15 53 54 56 57 58 59 62 65 
52 53 54 56 58 60 61 64 65 
56 57 63 65 100 
2 34 51 52 59 62 63 64 65 
49 67 68 69 70 72 75 
36 66 67 71 72 74 77 95 
66 69 81 
61 66 68 71 
66 70 73 75 90 
27 67 69 74 75 
4 26 66 67 
27 39 70 73 74 75 96 100 
67 71 73 74 
54 66 70 71 73 75 
26 78 79 80 88 98 
47 67 78 80 99 
76 77 78 95 
9 51 76 79 80 82 
76 77 79 80 
18 68 83 85 94 
43 79 84 87 
26 81 83 85 99 
82 85 
55 81 83 84 85 96 
8 88 90 
58 82 87 88 89 
2 76 86 87 88 89 90 92 
46 87 88 96 100 
70 86 88 90 
91 93 94 
56 88 94 
46 91 93 
7 81 91 92 
13 67 78 98 99 
59 73 85 89 97 
43 96 97 
14 76 95 99 
27 39 77 83 95 98 99 100 
64 73 89 99 100 
