98 77
86 80
101 94
34 18
64 2
94 55
83 49
108 22
9 0
111 23
82 81
85 12
74 10
114 49
94 30
86 57
47 32
94 82
65 0
79 55
70 56
35 30
55 6
61 31
93 91
74 3
74 2
44 35
11 10
63 58
55 19
92 91
61 47
43 36
108 78
26 12
107 81
38 26
75 48
86 75
88 46
41 0
109 79
113 28
76 75
51 50
89 25
45 33
95 17
83 73
38 14
97 58
107 102
89 33
77 21
104 16
37 1
103 1
108 21
100 99
35 29
113 76
108 4
53 48
89 1
43 38
18 12
66 48
74 72
82 80
114 67
89 45
109 33
104 41
10 5
96 76
71 61
67 41
99 31
22 8
66 44
41 16
113 95
114 104
108 77
98 97
65 20
60 59
71 54
91 69
90 50
27 1
68 21
95 62
79 30
105 62
38 12
54 38
76 27
105 37
68 50
80 29
45 13
60 6
35 34
96 87
42 26
54 18
87 65
90 0
8 7
57 1
69 24
114 110
87 17
61 54
55 30
72 40
43 42
41 23
97 5
84 81
84 49
92 15
33 19
33 25
106 39
51 22
62 17
62 56
23 4
65 17
93 16
61 18
52 3
110 88
100 32
9 8
62 45
96 20
112 66
92 61
65 56
100 2
93 9
113 59
76 59
89 55
107 98
79 31
84 83
92 66
15 13
63 59
72 71
103 25
107 40
103 33
76 20
101 51
110 13
25 24
22 9
82 7
55 31
106 64
37 36
22 7
102 72
86 48
86 66
112 57
32 13
5 3
7 6
35 19
69 50
114 53
70 27
105 45
34 12
106 60
112 44
44 19
110 53
62 61
90 24
88 53
82 74
85 38
74 40
70 20
104 87
11 3
110 83
111 78
76 66
112 92
47 2
89 88
50 24
47 22
108 68
64 47
30 29
94 34
111 46
14 2
28 24
96 56
53 25
90 69
90 5
64 9
26 3
113 96
90 28
23 9
100 39
60 13
87 20
104 67
54 39
93 0
111 51
23 0
72 2
57 56
95 70
108 51
76 62
38 18
61 34
27 17
37 25
36 18
60 10
83 69
69 4
79 43
108 9
91 29
99 14
109 25
63 42
109 89
113 17
71 38
43 31
96 65
71 31
17 16
112 75
83 67
112 63
105 25
106 25
59 36
98 40
92 75
35 0
113 70
54 31
94 19
73 46
95 37
98 81
68 8
91 80
103 37
34 31
100 47
94 35
75 66
57 42
54 14
50 28
82 39
99 71
110 73
79 35
47 39
77 73
36 12
101 58
61 43
73 67
30 19
114 73
109 45
93 41
17 12
96 27
100 64
92 86
41 40
59 58
104 9
107 72
48 44
97 86
92 57
79 19
32 21
92 48
79 29
47 46
111 77
84 3
88 49
91 86
38 16
85 43
31 18
111 108
71 14
104 23
96 17
76 70
81 72
104 93
112 91
78 8
93 80
68 51
91 48
110 24
111 68
111 64
101 1
28 4
87 86
39 32
102 40
75 20
73 7
43 26
67 46
65 63
113 87
111 7
55 54
99 85
105 1
105 80
61 26
108 7
68 67
66 59
60 15
85 26
58 6
99 89
77 22
52 40
105 33
39 13
15 14
105 103
45 25
60 2
87 62
32 31
5 4
106 32
109 105
77 8
93 4
112 96
47 15
21 7
100 6
111 21
111 8
106 15
60 47
82 30
83 46
16 0
71 18
19 18
84 24
47 6
109 103
53 46
113 20
91 66
101 79
11 5
103 102
78 51
32 15
98 84
94 80
98 48
109 63
106 92
39 38
84 5
4 0
72 52
86 53
67 53
42 29
60 39
99 61
40 3
81 16
83 53
86 44
95 27
102 98
77 51
70 43
82 77
64 63
42 34
3 2
93 23
104 0
70 62
55 35
68 22
96 48
87 56
39 6
67 49
114 83
27 26
78 68
72 3
85 31
23 22
80 37
103 70
70 69
49 48
23 16
42 18
84 52
114 15
112 52
21 8
51 40
107 5
76 56
36 20
34 26
101 55
78 22
95 69
84 10
102 3
33 0
37 33
53 52
88 69
43 12
109 30
106 56
9 4
83 81
69 28
69 11
62 27
102 100
100 15
54 34
58 3
88 67
81 10
74 73
49 32
65 27
26 14
57 44
78 50
89 37
100 82
21 20
64 6
55 29
88 83
41 8
101 19
13 2
56 27
104 4
99 18
101 29
110 46
