0:0 23 104 4 93 16 9 41 
66:66 44 86 48 57 92 75 112 91 
3:3 102 72 40 52 74 107 10 81 5 84 98 11 97 
69:69 90 24 50 28 11 
6:6 7 73 77 108 22 51 78 111 68 8 21 50 
72:72 74 10 81 107 102 40 3 52 5 84 98 11 97 
9:9 23 93 0 104 4 16 41 
75:75 20 76 113 70 95 62 17 87 56 27 65 96 
12:12 36 18 34 42 43 26 61 38 85 31 54 71 14 99 
78:78 111 68 8 51 22 108 77 21 7 50 
15:15 114 13 110 32 49 88 67 83 46 53 73 
81:81 10 107 5 84 98 97 11 52 3 40 72 102 74 
18:18 42 34 54 61 31 71 99 14 26 43 38 85 12 36 
84:84 81 107 98 10 5 97 11 52 3 40 72 102 74 
21:21 32 49 83 46 53 88 67 110 114 73 
87:87 20 65 96 17 113 27 56 76 70 95 62 
24:24 50 90 28 69 11 
90:90 28 50 24 69 11 
27:27 56 65 70 76 96 113 20 87 17 95 62 
93:93 16 23 9 0 104 4 41 
30:30 35 55 94 19 79 29 101 
96:96 112 63 65 27 17 87 56 62 95 76 113 70 20 59 75 66 
33:33 109 103 105 45 25 89 37 1 
99:99 14 71 54 31 61 34 18 85 26 38 12 43 42 36 
36:36 12 18 34 42 43 26 61 38 85 31 54 71 14 99 
102:102 107 72 40 52 3 74 10 81 5 84 98 11 97 
39:39 106 32 13 15 60 47 2 100 64 6 
105:105 109 33 45 103 25 89 37 1 
42:42 29 101 79 30 94 55 19 35 80 82 
108:108 77 51 22 78 68 111 8 21 7 50 
45:45 33 105 109 103 25 89 37 1 
111:111 78 68 8 51 22 108 77 21 7 50 
48:48 49 53 83 46 88 67 110 114 73 
114:114 110 88 67 49 83 46 53 73 
51:51 50 68 78 111 108 22 8 77 21 7 
54:54 71 14 99 31 61 34 18 85 26 38 12 43 42 36 
57:57 42 29 101 79 30 94 55 19 35 44 80 86 91 112 66 92 75 48 
60:60 13 2 106 15 39 32 47 100 64 6 
63:63 58 59 97 36 
