64 6
68 22
85 12
113 95
68 8
68 21
84 74
5 4
46 21
34 18
79 30
32 31
34 12
110 80
15 13
77 51
80 37
63 58
100 6
69 4
54 31
108 51
104 11
95 17
35 30
4 0
99 34
112 52
16 4
57 44
110 73
105 37
89 1
106 2
102 3
111 78
66 44
82 77
28 11
88 53
43 38
39 6
39 38
47 32
103 102
38 14
73 46
104 9
79 43
114 110
64 13
33 1
78 51
74 72
83 46
72 3
113 65
70 69
8 7
34 26
99 85
21 7
86 48
113 20
87 24
65 0
23 9
32 15
80 79
35 34
82 39
85 31
39 32
88 46
57 48
107 88
69 11
83 81
94 29
71 31
82 80
71 60
100 2
106 60
61 54
107 5
107 10
66 65
86 80
107 72
82 29
58 6
28 4
32 13
47 46
110 46
44 30
87 62
54 34
84 5
78 23
93 9
60 10
93 0
68 50
84 83
57 56
88 69
36 19
64 2
86 53
94 79
40 7
65 20
23 16
105 89
58 17
95 37
83 49
112 66
60 13
114 15
91 69
51 21
81 16
67 53
106 56
55 54
109 89
113 28
100 47
101 94
76 62
60 39
71 34
111 8
83 53
43 14
87 56
104 67
43 42
92 61
98 97
101 1
37 33
95 69
53 49
57 1
82 81
111 68
35 19
86 57
87 20
92 66
114 88
51 50
71 14
67 41
72 40
56 27
68 67
38 16
21 20
37 25
85 6
104 72
92 86
41 0
37 36
65 56
76 20
114 58
102 72
89 88
61 34
113 87
99 89
112 75
1 0
79 31
27 1
104 0
112 92
6 2
95 62
88 49
7 6
101 51
94 55
57 42
91 80
22 8
42 34
41 40
75 57
105 45
60 6
89 25
104 16
114 104
76 27
81 5
54 39
10 5
23 4
94 82
93 91
96 48
103 37
59 58
109 33
74 10
92 91
105 25
74 2
93 16
103 33
109 105
80 29
54 14
61 47
105 1
69 28
35 0
109 45
82 7
107 98
107 81
61 43
13 12
75 48
55 19
39 15
106 32
100 82
62 20
96 27
113 59
90 28
55 29
90 5
84 52
89 37
63 27
70 20
104 23
79 19
23 0
70 65
77 8
38 28
98 48
11 10
36 20
77 22
108 9
37 1
93 4
78 50
97 11
72 10
54 38
62 27
43 26
47 2
40 3
13 2
71 54
51 22
102 100
36 12
110 13
15 2
61 18
76 75
51 8
11 3
93 23
64 32
14 12
104 93
87 17
60 47
108 77
102 52
96 87
95 70
76 70
97 5
75 44
81 72
106 25
26 14
112 96
55 30
62 61
45 44
107 84
73 7
109 25
96 65
110 24
114 53
104 4
98 10
97 59
91 48
114 83
114 49
60 2
112 57
112 91
79 29
112 63
41 16
113 76
95 87
105 62
94 19
72 71
90 69
77 73
78 8
52 40
30 29
105 103
38 18
16 9
42 29
54 18
38 12
45 1
112 97
67 49
92 57
91 44
99 31
92 15
52 5
58 36
32 21
49 32
69 50
41 4
74 5
78 68
109 1
108 78
110 67
53 25
111 46
95 56
100 39
91 57
85 38
22 9
49 48
22 7
47 39
108 7
43 31
105 33
68 15
100 64
84 81
26 12
50 24
50 28
88 67
47 6
114 67
104 87
98 81
111 7
90 24
111 77
68 51
65 63
64 9
98 40
73 67
99 54
103 45
62 56
70 27
61 26
9 8
21 8
62 17
27 17
17 12
64 60
95 76
84 49
101 35
110 49
101 55
55 6
62 45
55 31
48 44
51 40
58 3
84 24
112 44
79 55
42 18
34 31
27 26
69 24
111 21
93 80
53 48
60 59
44 35
65 27
65 17
91 86
107 102
93 82
90 11
75 66
99 71
106 13
89 33
98 84
98 5
95 27
108 68
111 108
107 75
107 40
61 31
26 3
109 103
85 26
66 24
82 74
81 10
86 44
41 23
94 80
111 64
106 39
96 76
66 59
88 73
94 30
3 2
72 52
97 86
89 45
39 13
45 33
90 23
113 70
99 14
66 48
64 63
71 61
38 26
82 30
44 19
86 66
25 24
90 50
89 55
92 75
90 0
53 46
85 43
110 88
73 53
101 58
92 48
101 29
77 7
103 1
47 22
98 77
108 4
11 5
67 16
42 26
102 74
71 18
55 35
41 8
75 20
76 56
76 66
