20 17
22 21
24 11
25 1
29 19
32 6
41 9
45 37
49 46
50 30
50 11
68 7
73 49
74 52
78 77
78 28
78 7
81 40
81 3
85 14
85 80
88 58
90 8
92 35
97 63
98 52
100 13
101 30
102 10
103 89
106 6
109 37
114 46
54 39
88 67
98 5
36 12
83 67
32 21
50 24
55 31
53 46
90 28
94 19
5 3
105 45
89 33
70 65
113 96
84 24
86 66
61 54
85 31
98 48
11 5
94 35
83 46
50 28
34 12
43 12
56 27
9 8
107 102
43 36
103 25
53 48
43 31
96 76
47 2
91 69
45 13
84 81
94 79
49 32
100 39
57 44
38 26
44 19
19 18
28 11
103 33
4 0
67 46
98 77
106 32
42 34
103 70
51 8
110 53
61 26
41 8
42 18
112 63
87 62
92 61
76 59
108 22
34 18
68 50
22 7
60 47
75 20
93 80
107 81
97 59
101 29
51 50
51 22
98 40
13 12
88 46
81 10
96 87
66 65
99 71
76 66
63 42
79 43
39 15
99 85
36 18
102 52
15 14
60 13
37 1
65 63
90 50
64 9
84 5
18 12
47 39
86 80
82 30
46 21
100 99
94 80
70 69
34 26
110 67
16 4
79 19
83 49
108 77
64 6
103 45
114 104
54 18
84 3
95 17
54 34
113 17
100 6
105 33
74 40
103 37
97 86
80 29
103 102
27 1
106 92
110 73
108 21
107 84
45 44
85 38
105 25
65 17
69 4
90 5
101 94
106 60
106 56
52 40
61 47
68 15
109 33
25 24
10 5
95 62
87 24
102 3
39 38
103 1
100 64
105 80
55 35
99 89
72 2
45 25
114 110
35 30
9 0
113 70
74 5
55 30
93 9
61 31
87 17
57 48
101 79
65 0
111 51
114 88
107 10
98 84
107 75
52 3
66 24
71 14
109 89
96 17
71 38
64 60
60 2
102 100
27 17
99 14
63 58
30 29
40 3
86 57
78 22
38 28
112 44
65 27
75 57
104 11
109 103
85 6
72 10
61 18
66 44
104 4
28 24
23 22
111 68
106 39
87 65
80 79
21 8
11 10
65 20
92 57
92 66
95 76
60 15
79 31
43 38
111 78
51 40
88 69
112 57
112 96
43 42
62 17
97 5
83 69
73 7
92 48
112 75
23 0
76 75
93 82
64 13
105 62
109 105
86 44
14 12
102 40
100 82
91 66
42 29
71 31
109 1
114 15
59 36
104 0
72 40
68 22
99 31
63 59
68 51
62 61
45 33
90 11
94 55
55 6
113 59
48 44
89 1
22 8
77 21
17 16
52 5
87 56
110 88
89 55
37 33
100 47
108 7
93 23
54 31
113 76
58 36
110 49
87 20
57 42
96 48
108 51
23 9
47 46
76 56
68 8
93 16
92 75
71 54
79 29
32 13
61 34
87 86
64 47
32 31
26 3
47 6
73 46
41 40
107 5
73 53
69 24
33 0
93 4
104 23
35 34
57 1
90 69
101 58
102 72
104 87
41 16
64 63
106 2
85 12
49 48
96 65
15 13
7 6
68 67
70 56
74 3
85 26
34 31
98 10
90 24
89 25
47 15
74 10
16 0
74 2
112 91
55 19
82 39
74 73
106 15
62 45
75 48
74 72
76 62
91 80
