86 30
86 73
87 84
14 11
100 98
94 93
9 8
97 81
102 95
71 70
86 61
48 20
14 9
102 94
78 74
95 61
47 13
82 31
9 3
72 71
27 9
96 84
84 81
37 33
20 9
80 66
53 26
67 66
47 17
47 41
15 12
60 59
69 65
43 8
101 86
70 66
22 8
38 35
40 39
72 70
55 12
40 26
11 10
64 51
40 8
94 73
67 30
7 2
77 30
75 73
27 8
44 12
40 35
84 74
47 45
38 33
18 3
37 8
38 37
78 31
26 14
47 26
17 13
20 3
74 73
85 58
45 40
74 72
58 7
12 10
86 60
41 40
12 8
7 6
84 72
39 33
41 27
44 8
20 11
64 58
40 13
63 59
95 94
44 40
99 84
43 35
102 46
56 11
75 31
66 30
89 66
47 24
45 11
91 72
4 2
19 3
99 63
80 72
3 1
47 36
97 96
24 9
86 76
12 9
25 14
24 20
40 27
86 66
39 34
80 30
99 60
71 7
100 83
98 91
51 9
73 66
46 8
77 75
66 28
39 35
45 26
13 8
99 73
77 76
6 1
95 73
25 6
33 32
82 73
103 67
73 72
58 51
91 90
32 8
96 73
83 75
97 84
100 91
57 48
18 6
58 14
41 9
68 58
29 4
74 31
66 64
25 22
54 12
26 8
20 8
96 66
70 30
12 3
75 72
13 3
93 86
74 71
73 71
98 87
81 71
33 8
23 8
86 84
23 3
38 34
53 40
30 4
92 72
5 2
14 8
72 66
49 9
82 72
83 71
37 34
16 3
16 15
64 52
21 11
100 96
89 86
50 11
21 10
104 67
84 60
99 30
91 74
76 31
52 9
47 46
42 40
22 3
38 12
78 72
82 75
76 72
76 75
29 11
77 31
85 72
31 4
62 59
41 36
62 60
11 8
98 74
14 12
100 79
88 72
47 33
76 66
14 3
5 0
85 7
89 73
68 64
97 73
26 3
35 10
100 99
84 83
91 75
56 19
88 84
24 12
102 93
89 84
40 24
40 12
84 82
40 22
42 39
10 6
85 65
27 23
57 13
43 13
24 3
33 23
5 3
77 19
2 0
75 71
78 75
41 12
90 66
57 49
99 66
63 60
87 72
65 64
39 10
15 10
90 70
79 30
37 10
52 22
23 21
88 74
58 50
56 43
67 65
75 70
54 47
87 74
