1:1 12 13 5 11 7 9 14 4 6 3 8 17 2 22 10 18 20 31 
2:2 18 20 8 14 22 4 1 3 13 12 9 31 10 
3:3 29 8 9 14 4 2 1 18 13 20 22 12 31 10 
4:4 8 14 13 3 2 1 18 20 22 12 9 10 31 
5:5 11 7 6 17 
6:6 17 11 7 5 
7:7 17 5 6 11 
8:8 4 2 3 14 18 20 1 22 10 13 12 9 31 
9:9 31 3 33 15 16 21 23 34 29 30 10 24 32 19 28 27 25 26 
10:10 3 29 8 9 14 4 2 1 18 13 20 22 12 31 
11:11 5 6 7 17 
12:12 1 13 5 11 7 22 6 17 18 
13:13 4 8 14 3 2 1 18 20 22 12 9 10 31 
14:14 4 2 3 8 18 20 29 22 1 10 13 12 9 31 
15:15 33 16 21 23 30 19 24 34 27 31 28 9 10 
16:16 33 15 21 23 30 19 24 34 27 31 28 9 10 
17:17 7 6 
18:18 2 20 22 8 4 1 14 13 3 12 9 31 10 
19:19 33 16 15 21 23 30 24 34 27 31 28 9 10 
20:20 2 18 22 8 4 1 14 13 3 12 9 31 10 
21:21 33 16 15 23 30 19 24 34 27 31 28 9 10 
22:22 2 18 20 8 4 1 14 13 3 12 9 31 10 
23:23 33 16 15 21 30 19 24 34 27 31 28 9 10 
24:24 28 26 30 25 27 32 29 34 33 21 23 19 16 15 31 9 10 3 
25:25 26 28 24 32 29 
26:26 25 32 29 28 24 
27:27 30 
28:28 25 24 26 32 29 
29:29 32 26 25 28 24 
30:30 27 
31:31 9 2 18 3 20 8 22 1 4 14 13 12 10 
32:32 26 29 25 28 24 
33:33 16 15 21 23 30 24 34 19 27 31 28 9 10 
34:34 21 23 31 24 9 14 32 10 19 33 26 29 28 3 30 27 25 16 15 
