4 6 7 9 10 
2 5 7 8 70 
3 7 
1 4 6 7 8 9 10 49 
2 7 9 10 
1 4 6 8 9 10 
1 2 3 4 5 10 
2 4 6 9 
1 4 5 6 8 10 
1 4 5 6 7 9 10 
11
12
13
14
15
16
17
18
19
20
21
22
23
24
25
26
27
28
29
30
31
32
33
34
35
36
37
38
39
40
41 43 44 48 50 
44 45 49 50 
41 43 44 47 50 
41 42 43 44 45 47 48 50 
42 44 45 46 48 50 
45 47 49 50 
43 44 46 47 65 
41 44 45 49 50 
4 42 46 48 49 50 
41 42 43 44 45 46 48 49 
51
52
53
54
55
56
57
58
59
60
61 62 64 69 
61 63 65 66 67 68 
62 63 64 67 68 
61 63 64 68 
47 62 65 67 68 70 
62 66 67 68 70 
62 63 65 66 67 69 
62 63 64 65 66 70 
61 67 
2 65 66 68 
71
72
73
74
75
76
77
78
79
80
81
82
83
84
85
86
87
88
89
90
91
92
93
94
95
96
97
98
99
100
