1
2
3
4
5
6
7
8
9
10
11
12
13
14
15
16
17
18
19
20
23 26 27 28 30 32 33 36 37 40 
26 33 38 39 
21 24 25 30 31 36 39 
23 25 27 28 29 31 32 35 40 
23 24 25 26 29 30 32 33 34 35 36 37 38 39 
21 22 25 28 29 30 32 34 35 36 
21 24 28 30 36 48 
21 24 26 27 29 31 33 34 38 39 47 
24 25 26 28 29 30 39 
21 23 25 26 27 29 31 34 39 
23 24 28 30 32 33 35 37 
21 24 25 26 31 32 34 38 40 70 
21 22 25 28 31 33 34 37 39 
25 26 28 30 32 33 36 37 40 46 61 
24 25 26 31 35 36 37 70 
21 23 25 26 27 34 35 37 39 
21 25 31 33 34 35 36 38 
22 25 28 32 37 39 40 
22 23 25 28 29 30 33 36 38 39 
21 24 32 34 38 
46 47 50 
43 46 47 48 49 50 
42 43 44 45 46 48 50 
43 46 
43 45 46 47 
34 41 42 43 44 45 46 47 48 50 
28 41 42 45 46 47 
27 42 43 46 49 
42 48 
41 42 43 46 50 67 
51
52
53
54
55
56
57
58
59
60
34 61 65 66 70 
62 63 64 67 69 
62 65 66 67 69 70 
62 67 68 
61 63 69 70 
61 63 66 68 70 
50 62 63 64 67 70 
64 66 69 70 
62 63 65 68 
32 35 61 63 65 66 67 68 70 
71
72
73
74
75
76
77
78
79
80
81
82
83
84
85
86
87
88
89
90
91
92
93
94
95
96
97
98
99
100
