3 6 7 8 9 10 
4 5 6 22 
1 3 6 7 8 10 28 
2 4 5 8 9 
2 4 8 9 10 
1 2 3 7 8 9 
1 3 6 7 8 
1 3 4 5 6 7 8 9 10 12 14 15 17 
1 4 5 6 8 9 10 12 13 15 
1 3 5 8 9 10 13 15 16 17 50 
11 14 16 17 30 45 
8 9 12 14 15 16 17 
9 10 14 15 
8 11 12 13 15 17 
8 9 10 12 13 14 17 
10 11 12 17 19 21 22 24 27 
8 10 11 12 14 15 16 17 18 26 27 29 30 
17 19 20 22 24 28 29 30 
16 18 23 24 26 27 29 
18 20 25 26 27 28 29 30 
16 21 22 25 27 28 30 
2 16 18 21 23 26 29 30 
19 22 25 27 29 
16 18 19 24 25 26 
20 21 23 24 26 27 30 
17 19 20 22 24 25 26 27 30 
16 17 19 20 21 23 25 26 28 29 30 
3 18 20 21 27 41 48 
17 18 19 20 22 23 27 
11 17 18 20 21 22 25 26 27 30 
31
32
33
34
35
36
37
38
39
40
28 41 42 43 45 
41 42 44 46 47 49 
41 43 45 46 50 
42 44 45 47 50 
11 41 43 44 45 47 48 49 50 
42 43 46 50 
42 44 45 48 50 
28 45 47 48 49 
42 45 48 50 
10 43 44 45 46 47 49 
51
52
53
54
55
56
57
58
59
60
61
62
63
64
65
66
67
68
69
70
71
72
73
74
75
76
77
78
79
80
81
82
83
84
85
86
87
88
89
90
91
92
93
94
95
96
97
98
99
100
