0:0 2 1 5 4 28 
1:1 0 5 2 4 28 
2:2 0 5 1 4 28 
3:3 15 23 10 18 17 19 1 21 5 6 55 0 16 2 4 22 25 7 28 29 11 14 50 12 32 13 33 8 44 38 26 35 39 43 27 40 34 24 37 56 47 42 9 45 53 41 36 20 54 46 57 48 49 
4:4 28 5 2 29 0 1 6 18 7 
5:5 4 7 2 1 0 6 28 18 29 
6:6 18 22 25 1 0 2 5 4 7 28 29 85 
7:7 85 5 2 1 0 4 6 18 28 29 
8:8 43 21 20 35 10 9 42 37 27 22 23 24 26 3 11 40 14 38 47 52 33 53 49 34 41 48 39 12 45 36 13 57 54 25 17 32 44 56 15 46 55 16 29 19 50 6 18 
9:9 52 51 14 48 27 49 24 41 20 57 58 26 25 8 65 69 40 85 11 53 3 64 22 45 21 68 50 13 23 42 56 17 47 43 12 44 54 32 46 29 36 33 18 37 6 10 35 15 39 16 38 34 55 19 
10:10 38 35 6 15 21 33 3 8 23 37 22 39 18 34 16 1 43 12 19 25 55 32 14 0 36 46 44 26 11 13 5 56 41 40 47 27 29 24 17 42 45 9 54 2 4 20 53 57 48 50 49 
11:11 50 29 21 27 22 20 14 13 8 3 9 57 25 40 26 23 17 32 24 45 12 48 49 47 44 42 43 41 54 53 56 46 33 36 37 10 35 15 39 6 16 38 34 18 55 19 
12:12 32 55 41 46 44 33 23 39 38 36 54 40 15 47 34 35 10 13 27 37 42 8 45 17 43 21 16 3 11 24 26 22 19 29 14 9 53 56 20 25 57 50 48 49 18 6 
13:13 29 57 32 44 43 56 48 42 49 20 11 50 17 
14:14 25 26 9 11 3 24 27 22 8 50 21 20 17 15 45 52 18 23 40 10 51 6 53 12 47 16 41 1 42 54 13 55 46 33 32 44 29 37 43 39 35 38 19 34 36 56 57 48 0 49 
15:15 55 16 19 
16:16 15 10 55 3 38 21 19 23 35 33 18 34 39 37 36 12 32 8 17 6 22 46 44 41 47 40 27 25 1 13 54 42 45 24 11 26 43 9 14 29 20 53 56 50 57 48 0 49 
17:17 47 3 11 13 45 21 27 22 23 26 10 14 15 37 24 50 41 20 18 8 40 9 12 54 6 25 29 57 16 32 44 42 33 48 55 53 46 49 43 39 19 35 38 56 34 36 
18:18 6 22 25 1 0 2 5 4 7 28 29 85 
19:19 55 77 56 43 15 16 
20:20 57 49 48 56 
21:21 23 11 8 27 10 20 3 22 43 14 50 26 32 29 42 13 9 24 25 15 33 56 35 40 16 12 45 47 44 39 57 53 38 37 41 17 34 54 48 55 36 49 19 46 6 18 
22:22 6 52 11 25 14 18 29 50 51 10 1 0 3 9 4 21 58 2 5 7 15 69 8 26 16 24 27 23 85 20 65 49 12 64 53 17 68 55 32 48 40 41 46 13 57 45 47 54 44 42 33 19 37 43 39 35 56 38 36 34 
23:23 21 3 54 32 33 12 10 8 15 27 18 17 19 1 13 55 11 6 47 44 43 41 16 38 24 46 39 40 35 37 22 42 9 26 29 0 14 45 34 36 20 25 53 56 57 48 50 49 
24:24 26 53 40 45 44 42 47 13 54 41 36 12 27 17 32 46 8 11 23 21 9 43 14 29 20 3 22 25 50 33 37 18 10 35 6 39 38 34 15 16 55 19 56 57 48 49 
25:25 14 6 22 18 1 7 26 5 0 3 2 4 24 85 28 29 15 16 53 
26:26 24 14 53 40 45 25 47 44 42 13 54 41 37 12 8 36 27 17 9 32 11 43 35 23 46 3 21 20 22 10 34 33 38 39 15 29 50 16 55 6 18 19 56 57 48 49 
27:27 41 54 11 9 23 47 12 21 50 8 14 20 36 3 24 26 17 10 45 32 13 46 22 37 25 40 33 15 44 29 35 42 43 6 39 38 18 55 53 34 16 19 56 57 48 49 
28:28 4 2 5 0 1 
29:29 4 13 28 5 57 32 2 44 0 48 56 1 43 49 20 6 7 18 85 
30:30 83 7 31 70 80 67 93 79 77 82 71 76 75 74 66 73 103 64 58 91 85 72 78 90 84 98 68 88 104 89 86 100 87 97 99 81 96 92 65 101 94 69 62 51 60 63 52 59 102 28 95 61 
31:31 78 76 91 30 82 75 77 83 79 72 74 70 71 90 84 87 98 73 80 88 81 92 66 89 99 100 86 97 93 96 101 94 62 60 102 63 28 59 95 61 
32:32 12 13 33 44 39 23 55 29 46 57 47 38 17 40 37 54 34 41 10 42 48 35 36 8 45 15 27 11 21 43 3 20 9 16 24 49 14 56 26 19 53 22 25 50 18 6 
33:33 39 38 32 10 37 35 34 36 16 15 55 12 41 19 44 46 47 54 40 17 13 45 42 8 23 43 27 21 3 11 24 26 14 9 22 29 53 20 25 56 57 50 48 49 18 6 
34:34 36 38 35 39 37 33 10 16 15 55 19 
35:35 34 38 36 37 39 33 10 16 15 55 19 
36:36 34 41 35 38 39 37 33 10 16 15 55 12 32 19 44 46 47 54 40 17 13 45 42 8 23 43 27 21 3 11 24 26 14 9 22 29 53 20 25 56 57 50 48 49 18 6 
37:37 47 35 34 33 38 36 39 10 45 17 54 41 42 40 12 44 32 55 46 13 27 8 23 15 43 21 16 24 3 26 11 14 9 22 19 29 25 20 53 56 50 57 6 18 48 49 
38:38 34 35 33 39 36 37 10 16 15 55 19 
39:39 34 33 38 35 36 37 10 16 15 55 19 
40:40 45 53 13 44 42 39 22 24 26 47 8 29 12 43 41 32 11 35 46 33 17 54 37 14 27 36 38 9 10 23 25 3 34 21 20 6 18 15 50 55 16 19 56 57 48 49 
41:41 36 27 47 54 45 37 34 35 40 38 39 42 33 44 12 10 13 8 32 17 46 23 43 24 55 26 21 15 3 11 53 14 9 22 16 19 20 25 29 56 50 57 6 18 48 49 
42:42 43 47 40 13 45 41 54 8 37 39 53 56 24 26 35 27 12 44 36 33 20 57 34 32 9 38 23 11 46 10 14 48 21 17 3 49 29 15 22 25 50 55 16 6 18 19 
43:43 56 57 48 49 20 
44:44 13 40 12 32 41 39 55 29 47 24 42 45 46 53 26 54 36 33 17 43 8 23 34 35 27 38 37 11 9 10 14 20 21 3 50 15 25 22 16 19 56 6 18 57 48 49 
45:45 47 40 26 24 42 41 53 54 13 37 17 36 44 27 12 8 32 46 11 39 23 55 33 35 21 9 43 14 3 10 34 38 20 15 22 19 25 29 16 56 50 57 6 18 48 49 
46:46 102 95 94 61 96 101 
47:47 45 37 41 17 54 13 42 36 40 44 27 34 29 43 35 8 11 39 38 12 26 22 21 56 33 10 23 24 32 46 3 53 14 9 25 15 20 16 55 57 50 48 19 49 18 6 
48:48 57 49 20 56 
49:49 57 20 48 56 
50:50 11 29 21 27 22 8 13 23 6 52 3 10 9 18 43 17 25 32 20 1 14 26 44 15 42 12 24 40 0 16 47 51 57 56 41 45 54 33 48 55 53 49 19 37 39 35 38 34 36 46 
51:51 65 52 69 58 64 68 85 67 103 104 
52:52 51 64 65 69 58 68 85 67 103 104 
53:53 40 24 26 45 44 42 47 13 54 41 36 12 27 17 32 46 8 11 23 21 9 43 14 29 20 3 22 25 50 33 37 18 10 35 6 39 38 34 15 16 55 19 56 57 48 49 
54:54 47 27 23 41 45 37 17 42 36 40 34 35 39 13 53 8 38 43 44 12 26 33 24 32 10 46 21 11 3 14 9 15 22 29 20 55 25 16 19 50 6 18 56 57 48 49 
55:55 19 15 16 
56:56 43 57 48 49 20 
57:57 48 49 56 20 
58:58 68 69 85 52 51 65 64 67 103 104 
59:59 63 61 60 62 95 99 
60:60 63 59 62 99 
61:61 95 102 
62:62 63 99 59 60 
63:63 59 60 62 99 
64:64 67 68 52 69 65 51 58 103 104 85 
65:65 51 85 68 69 58 64 52 67 103 104 
66:66 97 80 28 88 70 89 90 64 72 67 86 68 71 103 84 93 81 65 73 104 30 99 82 85 74 78 87 75 31 79 83 76 7 96 77 100 91 94 92 98 101 58 69 62 51 60 63 52 59 102 95 61 
67:67 103 64 104 
68:68 64 58 52 69 65 67 51 85 103 104 
69:69 51 104 58 65 52 103 68 64 67 85 
70:70 90 66 64 67 80 97 99 68 28 103 30 65 104 71 72 88 74 82 89 85 93 78 86 69 83 73 84 76 75 58 31 7 77 79 87 81 51 91 98 100 52 96 92 101 94 62 60 63 59 102 95 61 
71:71 80 77 82 68 83 7 73 72 76 75 30 85 78 89 58 92 74 31 98 79 91 87 66 84 88 70 86 100 90 28 97 93 99 96 81 94 101 62 102 60 63 59 95 61 
72:72 78 82 28 88 80 89 90 71 86 75 74 66 73 31 84 79 70 91 77 76 30 97 98 83 87 100 81 96 93 99 92 94 101 62 102 60 63 59 95 61 
73:73 98 96 89 93 82 31 71 86 75 74 66 30 84 72 76 97 100 78 80 91 77 88 79 83 87 70 81 90 99 94 92 101 62 102 60 28 63 59 95 61 
74:74 79 87 88 98 99 31 73 72 91 78 84 82 75 89 90 30 93 86 66 76 83 70 71 92 100 80 77 97 96 81 94 101 62 60 102 63 28 59 95 61 
75:75 77 78 79 82 31 76 92 71 30 72 74 83 80 73 91 70 98 90 84 87 66 88 89 99 100 86 93 28 97 96 81 94 101 62 102 60 63 59 95 61 
76:76 83 77 82 31 49 75 30 71 78 92 72 80 73 70 79 74 84 91 98 87 66 90 88 89 100 99 28 86 96 93 62 97 81 94 101 60 63 59 102 95 61 
77:77 19 71 76 75 82 83 31 78 80 68 30 72 70 79 74 91 73 87 88 98 84 66 89 90 100 92 28 86 99 96 97 93 81 101 94 62 60 63 59 102 95 61 
78:78 31 72 75 82 76 74 91 77 92 79 28 88 71 30 98 90 73 83 80 70 87 66 84 89 100 86 99 93 97 96 81 94 101 62 102 60 63 59 95 61 
79:79 74 91 75 30 31 98 77 82 83 70 78 84 90 87 72 76 71 73 88 100 99 66 80 86 89 92 93 97 96 81 94 101 62 60 102 63 28 59 95 61 
80:80 71 68 77 82 83 81 76 75 30 72 31 78 70 79 84 92 74 73 87 91 86 98 89 66 90 97 100 88 96 93 99 94 101 62 102 60 28 63 59 95 61 
81:81 97 84 86 96 66 87 101 60 89 94 100 73 88 93 98 102 99 83 74 62 95 79 63 59 61 91 90 72 28 80 70 30 71 82 75 76 31 77 78 92 
82:82 71 76 72 31 75 78 77 83 80 73 74 30 92 79 84 91 87 70 98 90 66 88 89 100 99 28 86 96 93 62 97 81 94 101 60 63 59 102 95 61 
83:83 76 100 30 71 77 82 80 31 7 86 75 79 70 66 84 68 73 74 72 97 89 93 96 78 101 81 91 98 88 90 94 87 99 92 85 62 102 60 28 63 59 95 61 
84:84 86 81 87 101 60 96 89 94 79 83 76 75 100 73 97 30 72 77 82 74 93 66 71 31 98 88 99 78 80 91 70 62 90 63 92 59 102 28 95 61 
85:85 7 65 58 51 68 69 64 52 67 103 104 
86:86 97 93 100 89 84 73 72 66 96 101 81 98 88 82 83 94 87 99 74 76 90 62 80 102 28 30 71 91 60 75 79 31 70 77 78 63 92 59 95 61 
87:87 74 98 91 79 88 100 90 99 72 101 84 62 78 66 70 89 75 86 73 80 28 96 60 97 94 93 31 30 63 82 83 59 76 71 77 81 92 102 95 61 
88:88 74 89 72 78 79 66 87 84 82 28 73 86 75 97 31 71 98 93 100 80 76 96 30 83 91 77 81 94 101 70 90 99 92 62 102 60 63 59 95 61 
89:89 86 88 73 93 84 97 72 66 98 100 74 96 87 94 79 99 101 91 81 80 28 90 62 102 60 92 63 95 70 75 59 30 61 78 31 83 82 76 71 77 
90:90 91 99 70 98 62 100 63 59 60 
91:91 98 90 79 100 74 99 101 62 87 63 84 59 60 96 83 88 94 73 66 81 97 89 86 93 72 102 28 80 70 92 30 71 75 82 76 78 31 77 95 61 
92:92 75 73 82 98 31 77 78 96 72 89 93 71 79 74 76 91 30 84 86 80 94 88 66 83 100 87 97 81 101 70 90 99 102 62 28 60 63 59 95 61 
93:93 102 86 99 73 97 89 94 100 95 98 90 60 30 62 63 66 84 96 59 91 101 61 74 83 70 81 79 87 88 80 72 75 71 82 76 78 31 77 92 28 
94:94 96 102 101 95 61 
95:95 61 102 
96:96 94 102 101 95 93 61 
97:97 86 81 93 84 89 100 66 101 73 96 60 62 83 94 99 98 88 63 87 74 59 102 79 61 95 91 30 90 80 72 70 75 71 82 76 31 78 77 92 28 
98:98 91 73 100 96 90 86 79 74 101 84 94 99 97 93 66 89 87 88 72 81 62 60 102 28 80 70 63 30 95 71 92 83 82 75 59 76 61 31 78 77 
99:99 90 62 63 93 74 59 60 91 102 87 98 79 95 61 100 101 94 84 96 73 86 88 89 66 97 72 81 28 80 70 30 92 83 75 82 71 76 31 77 78 
100:100 101 62 86 96 98 94 91 97 73 84 61 93 95 89 81 102 99 60 63 66 90 59 88 74 79 87 72 28 80 70 30 92 83 75 82 71 76 31 77 78 
101:101 94 61 95 96 102 
102:102 95 94 61 96 101 
103:103 104 67 
104:104 103 67 
