4 0
7 2
11 8
12 11
13 8
14 7
15 12
16 3
16 10
16 15
17 13
18 12
26 11
33 32
33 8
37 34
37 10
38 37
39 10
40 20
41 8
42 13
43 42
44 35
45 8
45 9
45 11
47 9
47 11
47 23
49 31
53 26
55 10
56 11
58 14
58 7
58 50
60 59
62 59
62 60
65 58
67 65
69 64
69 65
71 70
73 30
74 71
75 71
76 71
76 72
78 74
79 71
79 72
81 71
84 62
85 66
86 60
88 84
91 75
92 75
94 93
95 94
96 66
97 84
97 96
99 73
99 66
99 60
99 59
100 79
101 86
102 46
104 69
104 67
7 5
14 9
75 72
22 11
11 10
10 6
67 64
5 1
25 14
12 6
57 20
10 8
72 28
66 28
78 72
100 91
100 86
82 73
73 66
102 94
10 3
87 74
74 31
40 24
13 3
47 13
76 75
83 30
91 90
28 4
38 35
99 90
47 40
5 4
21 3
83 76
65 51
43 8
20 8
85 65
12 10
17 3
2 0
6 0
4 2
58 30
40 12
75 30
9 8
89 84
44 13
96 84
96 94
38 34
35 8
103 67
82 72
50 11
21 8
89 73
57 13
33 10
47 45
15 3
22 8
37 8
45 40
86 73
14 12
78 31
70 30
85 7
30 7
89 66
89 86
58 52
51 9
38 10
82 75
84 74
97 86
68 58
18 6
76 30
102 93
44 40
21 10
5 2
74 73
29 11
77 75
79 30
53 40
87 84
63 60
5 3
63 59
99 63
23 3
89 72
41 9
40 13
32 12
37 35
101 100
77 76
79 74
83 71
47 41
26 14
88 74
57 49
58 49
82 30
82 71
41 12
55 12
98 73
40 22
35 34
90 72
101 84
52 9
84 76
42 8
98 91
49 9
35 10
76 66
13 11
86 30
91 31
40 26
86 84
29 13
8 3
95 61
3 1
76 49
46 12
49 48
36 34
47 42
23 12
73 71
93 73
39 34
72 71
94 84
84 73
77 58
47 17
47 36
27 8
77 71
97 66
47 37
42 40
14 3
82 76
80 71
52 51
104 103
75 31
9 3
13 12
41 36
22 6
84 66
80 66
93 30
84 83
31 30
86 72
76 31
49 20
6 4
73 31
23 8
15 10
69 58
1 0
57 48
27 11
14 8
84 60
93 86
19 3
26 24
100 96
18 3
