0:0 90 23 104 16 93 41 4 9 
66:66 112 44 75 48 57 92 91 86 
3:3 58 59 97 63 5 11 90 52 84 74 10 102 72 40 81 98 107 
69:69 28 50 24 11 90 
6:6 60 39 47 100 32 15 106 2 13 64 
72:72 71 54 99 34 18 31 61 38 14 12 85 43 26 42 
9:9 41 4 16 93 0 23 104 
75:75 48 57 92 91 66 112 44 86 
12:12 17 20 65 113 87 96 70 95 27 76 56 62 
78:78 51 77 108 22 7 8 111 21 68 
15:15 32 47 100 39 6 106 2 13 60 64 
81:81 10 107 84 98 5 52 40 102 74 72 3 
18:18 31 34 71 54 99 61 38 14 12 85 43 26 42 
84:84 10 74 102 52 5 3 72 40 81 107 98 
21:21 7 8 77 22 108 51 78 111 68 
87:87 96 113 17 20 65 70 95 27 76 56 62 
24:24 69 28 50 11 90 
90:90 11 24 69 28 50 
27:27 26 63 65 70 43 42 95 17 113 20 76 96 56 62 87 
93:93 91 80 86 66 44 48 57 92 75 112 
30:30 50 28 69 24 11 90 
96:96 113 87 17 20 65 70 95 27 76 56 62 
33:33 19 36 37 45 103 89 105 109 1 25 
99:99 85 14 54 71 38 18 31 34 61 12 43 26 42 
36:36 19 33 37 45 103 89 105 109 1 25 
102:102 10 72 40 74 52 3 84 5 81 107 98 
39:39 54 38 71 18 34 99 31 61 14 12 85 43 26 42 
105:105 25 1 103 109 45 89 37 33 
42:42 43 26 12 85 14 38 18 34 99 54 71 61 31 
108:108 68 51 22 21 77 7 8 78 111 
45:45 103 89 37 33 105 109 1 25 
111:111 64 13 2 60 106 6 39 100 47 32 15 
48:48 57 75 92 91 66 112 44 86 
114:114 49 88 73 110 83 67 53 46 
51:51 101 79 94 29 30 55 35 19 
54:54 71 99 34 18 31 61 38 14 12 85 43 26 42 
57:57 48 75 92 91 66 112 44 86 
60:60 6 39 47 100 32 15 106 2 13 64 
63:63 97 58 59 36 
