28 4
107 81
38 28
55 35
42 18
47 15
113 17
114 49
100 6
22 8
34 26
41 4
104 11
79 31
110 73
71 14
81 72
90 24
107 88
61 54
100 13
86 53
77 7
9 8
58 6
96 76
114 73
61 47
40 7
69 24
105 33
100 2
78 22
106 64
16 9
63 58
47 6
38 16
62 61
103 102
111 64
67 16
57 42
109 103
93 91
91 69
68 22
113 20
28 11
74 10
23 4
104 72
94 30
52 3
68 8
40 3
111 51
92 15
22 9
78 28
108 78
89 88
96 17
49 32
98 52
90 50
92 91
36 12
83 69
26 12
92 86
54 38
47 22
33 19
71 34
45 13
72 71
83 46
100 39
95 27
110 53
110 49
67 49
109 79
109 1
106 39
52 5
70 69
60 6
102 100
74 5
60 59
64 13
20 17
99 54
9 4
111 21
107 98
32 15
110 80
27 26
108 68
37 1
82 77
71 18
101 30
84 10
105 80
100 82
111 46
90 0
76 66
36 20
69 4
64 2
39 15
77 21
39 32
45 33
35 0
85 14
92 61
104 4
33 0
103 89
55 29
109 89
96 87
109 30
65 20
63 42
34 31
61 43
70 56
47 2
32 6
73 49
93 4
68 51
96 56
45 37
38 18
101 29
103 33
68 50
93 16
64 47
54 34
96 48
95 17
94 19
54 31
66 59
84 74
57 56
88 46
84 24
89 33
23 0
25 1
86 80
36 19
94 55
39 13
87 17
35 19
100 32
94 79
38 14
102 72
87 56
110 24
109 33
106 13
54 14
70 27
94 29
108 9
21 7
83 67
101 1
106 2
32 13
90 23
104 16
17 12
42 34
107 5
53 46
13 2
104 67
101 79
79 19
70 65
37 36
62 56
110 88
59 58
77 51
99 34
86 44
103 1
60 39
105 25
13 12
95 56
99 61
68 15
82 29
87 65
99 89
107 84
102 3
65 17
55 31
75 66
31 18
14 12
97 59
109 105
101 55
23 16
81 5
65 56
107 72
43 14
102 40
99 85
97 58
95 37
103 70
32 21
111 8
75 57
89 37
64 60
64 9
51 21
99 31
114 67
112 44
97 86
16 4
11 10
58 36
88 83
85 38
105 37
34 18
92 75
41 40
95 87
55 19
101 94
73 7
50 11
23 22
79 35
93 0
51 50
98 84
49 48
108 4
60 13
82 74
43 26
89 45
70 20
102 10
32 31
68 67
54 18
87 86
91 29
30 29
39 6
46 21
72 52
108 7
100 99
93 9
42 29
79 30
61 31
47 46
113 95
114 110
43 42
77 8
104 87
84 5
106 25
15 2
66 65
112 52
108 51
64 63
78 50
91 66
78 8
111 108
76 20
96 65
76 62
84 52
104 41
98 40
109 25
112 96
66 44
74 73
95 76
22 21
65 63
37 33
54 39
76 27
81 10
48 44
41 0
43 38
101 51
104 0
98 81
106 32
85 43
109 45
66 48
41 16
74 72
27 1
60 2
110 67
15 13
89 1
103 45
80 37
33 1
75 48
101 58
86 57
7 6
113 87
102 74
43 36
74 3
44 19
69 28
84 3
111 78
112 75
82 30
113 70
108 22
41 8
33 25
98 97
104 23
45 1
112 92
24 11
101 19
64 32
75 20
55 30
65 27
70 62
61 18
85 80
98 77
23 9
86 48
71 61
92 66
83 73
83 81
96 27
34 12
57 48
110 83
101 35
77 73
114 83
106 56
47 39
67 46
49 46
55 6
106 92
76 70
76 56
90 11
100 47
44 30
94 34
112 91
94 80
58 3
1 0
87 62
93 82
98 5
51 8
19 18
108 21
106 15
72 40
95 69
106 6
51 22
83 53
113 96
88 73
79 29
109 37
9 0
89 55
52 40
21 8
39 38
93 41
75 44
86 66
93 23
69 50
91 48
55 54
78 51
45 25
92 57
112 66
4 0
61 26
35 29
78 68
78 7
87 24
67 53
112 57
95 70
111 23
50 24
91 57
72 3
50 30
70 43
102 52
103 37
50 28
108 77
82 39
67 41
113 59
71 54
88 49
69 11
73 53
78 77
65 0
38 12
63 27
43 12
77 22
105 89
78 23
84 49
44 35
71 60
90 28
91 86
110 46
45 44
63 59
97 5
41 9
100 64
35 34
105 103
11 5
105 1
47 32
26 14
16 0
92 48
5 3
104 9
103 25
8 7
97 63
98 48
3 2
