36 18
43 31
51 40
53 25
60 15
64 6
71 31
74 2
76 59
79 43
82 80
83 49
85 6
85 31
86 75
88 69
90 8
99 18
105 45
106 60
107 102
113 65
114 15
65 0
105 62
47 2
81 16
94 29
104 0
100 82
97 5
16 9
74 73
8 7
45 37
57 48
91 48
93 16
84 3
114 73
89 88
33 0
67 46
4 0
111 68
51 21
91 80
66 24
113 20
99 85
59 36
102 74
29 19
64 2
106 6
101 1
15 13
60 6
101 79
77 7
98 77
111 77
10 5
87 20
88 67
23 9
41 4
114 83
3 2
70 27
113 96
20 17
67 53
73 46
81 10
90 23
26 14
11 10
84 83
42 26
47 39
83 73
64 13
74 5
68 15
104 16
47 46
90 5
109 79
65 20
22 7
27 26
103 45
85 80
59 58
21 20
111 7
100 39
78 23
105 37
70 65
23 22
76 56
77 51
92 57
42 29
72 71
80 29
65 17
94 80
101 29
94 35
18 12
89 45
114 88
9 8
71 34
35 29
96 87
111 46
68 7
103 1
82 39
80 79
102 72
78 51
86 80
27 17
81 5
83 81
95 17
44 35
38 18
47 22
113 70
41 8
112 63
11 5
105 103
41 9
97 58
52 5
86 44
95 27
16 0
107 75
106 25
44 30
76 70
84 52
70 43
106 32
69 50
110 49
55 30
113 87
85 26
72 3
106 39
106 56
109 1
111 78
35 30
41 16
52 40
109 105
92 61
83 69
95 70
72 52
50 28
108 68
103 25
112 57
48 44
84 10
107 5
96 27
104 23
88 83
53 52
98 5
93 91
79 31
54 39
104 9
63 27
99 71
79 19
81 40
60 10
77 8
108 22
49 46
25 1
94 79
95 56
102 10
100 99
5 4
56 27
49 48
34 12
104 93
53 49
67 16
9 0
110 24
57 44
99 14
101 30
71 60
55 31
42 34
93 0
102 100
54 31
110 83
112 44
99 54
95 76
97 63
105 89
107 81
40 7
106 92
77 22
47 32
76 20
109 45
111 108
114 49
87 17
90 0
96 56
55 29
109 30
90 11
61 34
111 8
76 75
43 42
114 58
37 36
63 58
78 7
92 48
9 4
33 19
107 98
91 66
100 32
105 1
31 18
70 62
30 29
110 88
72 10
104 41
43 38
78 28
23 16
101 51
53 46
107 88
62 61
103 89
95 62
50 30
41 40
62 27
47 15
108 51
97 59
69 28
108 7
30 19
77 73
66 65
6 2
65 63
74 40
113 95
105 25
87 86
100 6
92 91
62 20
62 56
111 64
83 53
69 24
89 55
99 34
94 82
39 6
72 40
36 19
58 6
106 15
88 49
71 54
34 18
38 28
66 44
32 15
58 3
88 73
107 84
22 9
110 73
84 74
60 47
96 76
71 38
78 77
84 49
70 69
106 2
94 19
43 26
1 0
100 47
17 12
60 13
23 0
112 66
41 0
85 43
82 77
102 40
105 80
5 3
62 45
108 77
68 67
92 75
97 11
95 37
100 13
26 3
85 12
99 61
93 4
15 14
79 55
35 34
75 44
98 40
16 4
68 21
110 67
43 36
45 44
68 8
55 35
21 7
65 27
60 39
75 48
28 24
76 62
104 72
82 7
43 12
83 46
47 6
97 86
