82 31
12 9
12 6
84 79
30 7
76 31
86 81
6 4
87 74
99 90
22 3
97 81
104 103
64 51
101 100
22 8
65 51
14 11
50 9
47 33
38 12
23 21
55 19
99 63
96 73
63 62
68 65
35 34
78 75
100 99
41 9
35 10
47 46
18 6
84 72
54 41
52 22
38 10
57 20
58 30
57 56
40 22
90 66
10 8
97 73
67 64
29 6
10 3
15 10
66 30
70 66
38 35
80 72
13 3
91 74
57 13
20 9
75 73
75 70
77 58
84 75
51 9
47 41
21 10
3 1
95 61
38 34
83 30
24 9
79 74
90 72
93 30
73 71
12 3
96 94
1 0
52 9
26 3
5 2
53 24
42 39
5 0
48 9
19 10
83 73
82 71
54 47
36 12
47 13
99 62
100 91
77 30
86 76
86 84
77 75
26 14
41 12
82 75
43 8
11 10
37 33
75 30
20 8
104 67
84 66
98 74
55 12
52 51
100 62
24 8
42 40
7 6
76 75
40 39
53 40
87 84
7 5
27 3
68 64
80 66
18 3
78 31
80 30
17 11
71 68
39 33
33 12
31 30
98 73
41 27
76 53
55 15
91 90
84 81
85 58
71 7
25 14
56 43
5 3
15 3
24 3
76 66
63 59
35 8
69 51
41 36
41 40
78 71
40 24
9 8
66 64
95 73
10 6
21 11
31 4
47 37
24 12
26 8
45 40
36 34
46 8
21 8
12 8
2 0
101 94
36 35
40 35
77 76
64 52
46 12
88 74
86 73
100 86
85 72
98 91
92 72
40 13
25 3
4 2
88 72
77 31
28 4
58 51
99 30
83 76
100 83
47 36
27 9
82 72
45 26
5 4
32 13
86 30
80 71
103 67
100 96
72 49
97 66
39 38
44 8
72 71
47 45
14 9
72 28
6 1
33 10
58 52
70 30
85 7
74 72
39 35
17 3
93 66
97 86
57 49
77 71
73 31
53 20
89 86
39 12
63 60
77 19
20 3
74 66
20 11
82 76
11 9
44 12
82 30
78 72
90 70
91 79
13 11
40 8
70 64
89 84
99 74
88 66
79 75
22 6
98 87
100 98
29 13
57 48
39 34
26 24
47 24
44 40
100 66
82 73
25 6
49 20
43 13
99 93
38 33
102 95
23 3
54 23
67 30
42 8
32 12
74 30
29 4
102 94
93 86
