64 52
84 60
54 27
61 59
14 11
78 31
56 43
84 81
103 67
74 31
40 35
84 74
80 71
90 70
79 30
47 40
29 13
84 72
24 8
40 12
83 75
102 93
86 61
40 8
76 49
75 72
38 35
75 73
67 30
72 70
19 3
69 51
21 11
74 30
24 20
84 73
49 9
54 47
100 98
47 42
37 8
54 40
55 12
6 0
41 40
70 66
33 23
41 27
23 3
101 94
45 40
27 8
8 3
49 20
66 64
36 35
39 35
47 41
27 11
35 8
39 12
100 84
94 73
14 9
101 84
100 73
57 13
39 38
89 66
29 11
98 74
96 84
24 3
99 90
86 72
80 72
78 72
76 31
33 12
40 27
44 13
99 62
66 28
56 19
65 51
100 66
85 58
84 75
57 48
97 66
52 22
2 0
65 64
91 31
77 76
55 15
102 95
90 66
83 76
67 64
24 9
82 31
32 8
14 3
101 61
78 75
10 8
23 8
41 36
26 8
93 73
84 82
26 24
9 3
7 5
47 17
83 30
20 8
82 76
25 14
77 19
47 12
54 12
7 6
52 51
74 66
43 35
14 12
32 23
44 12
85 65
27 23
99 84
77 71
66 30
20 11
1 0
68 58
22 3
15 3
80 66
91 79
14 8
47 26
13 12
99 74
64 58
5 1
57 20
20 9
80 30
79 74
100 83
98 91
75 31
100 86
11 3
48 9
79 75
63 59
40 25
84 76
35 10
47 13
57 49
83 71
29 4
85 7
39 33
38 10
12 9
91 72
5 4
48 20
12 10
38 34
92 73
32 12
35 34
25 6
6 5
55 19
47 45
9 8
22 11
74 73
18 6
99 93
71 68
73 66
67 66
91 90
58 51
84 79
89 72
68 64
41 12
104 103
93 86
71 7
26 3
6 1
22 6
38 33
57 56
40 13
84 30
94 84
50 11
51 9
84 83
77 75
26 14
75 74
100 62
63 62
27 9
89 88
47 27
43 13
76 30
72 66
21 3
95 61
89 73
21 8
36 34
24 12
25 22
30 7
88 72
74 72
31 30
23 12
88 66
47 37
69 58
82 74
37 35
49 48
3 0
40 39
32 13
10 3
40 26
52 9
96 94
17 12
58 49
30 4
82 72
86 84
96 73
23 21
98 73
87 72
43 8
97 86
86 66
77 30
82 71
73 72
10 6
87 83
28 4
