51 4
57 41
49 34
17 1
10 0
50 16
52 38
24 14
57 48
51 24
8 3
51 11
59 15
54 1
27 1
33 21
51 21
30 28
28 8
52 40
51 23
51 50
57 9
42 30
14 0
36 1
40 37
57 17
44 20
43 38
27 26
22 17
57 54
44 2
32 9
53 43
34 33
50 42
45 23
50 33
14 3
40 7
43 14
45 29
49 46
55 51
42 0
41 13
54 7
39 36
24 15
47 20
37 16
40 14
54 6
54 13
42 2
33 12
46 43
37 14
29 18
47 42
9 6
13 6
19 1
60 32
41 9
45 37
41 1
58 38
43 29
47 28
54 19
17 13
25 17
56 6
51 29
45 24
38 33
30 19
44 38
43 33
61 53
50 14
51 45
45 21
9 5
15 0
51 18
31 17
20 18
13 9
17 9
21 18
29 10
36 20
