0:0 10 42 47 2 30 28 
1:1 19 27 41 36 54 26 7 25 30 39 57 17 13 48 6 9 22 5 32 56 31 60 
2:2 10 44 42 34 0 49 47 30 28 46 20 8 3 59 
3:3 59 8 28 20 47 44 30 42 2 50 10 0 
4:4 51 23 11 55 
5:5 56 
6:6 56 54 9 13 5 57 41 32 48 60 39 17 22 31 
7:7 30 19 54 1 27 41 26 25 28 47 42 
8:8 3 28 20 59 47 30 42 50 10 0 2 44 
9:9 32 5 41 6 13 56 57 54 48 60 39 17 22 31 
10:10 2 0 42 47 30 28 
11:11 51 23 4 55 
12:12 33 34 16 37 49 14 50 43 40 38 52 46 44 58 20 36 53 61 39 
13:13 5 41 6 54 9 57 56 32 48 60 39 17 22 31 
14:14 24 16 0 50 40 3 15 33 42 37 52 38 20 43 34 8 44 18 47 59 45 28 36 10 12 58 29 21 2 30 51 23 55 4 11 49 46 35 53 61 
15:15 59 55 0 18 40 24 3 10 14 29 51 8 36 45 21 23 52 4 11 37 50 16 20 42 33 38 43 47 34 44 28 58 12 2 30 49 46 35 53 61 
16:16 50 38 33 14 20 58 12 43 37 44 52 34 40 46 49 36 53 61 39 
17:17 22 31 25 27 26 
18:18 21 24 15 29 51 45 55 35 23 4 11 59 
19:19 1 54 41 7 26 27 30 25 28 47 42 
20:20 44 8 50 28 47 30 42 16 3 38 2 59 10 58 0 14 52 40 15 33 34 37 12 36 43 45 49 46 29 23 21 24 18 51 35 53 61 55 4 11 
21:21 18 51 45 29 24 23 4 11 15 55 59 35 
22:22 17 31 25 27 26 
23:23 51 36 4 11 45 55 39 21 24 18 29 15 59 35 3 8 
24:24 18 51 29 21 23 15 45 55 4 11 35 59 
25:25 26 27 1 17 22 31 
26:26 25 27 1 17 22 31 
27:27 26 25 1 17 22 31 
28:28 30 8 47 42 20 3 50 10 0 2 44 59 
29:29 10 18 43 52 51 21 24 45 46 53 23 4 11 15 61 55 2 59 35 49 3 8 37 34 14 33 0 40 36 50 16 12 38 42 20 44 47 28 30 58 
30:30 7 28 47 42 19 10 0 2 
31:31 17 22 25 27 26 
32:32 60 
33:33 12 34 16 43 37 14 38 49 46 53 61 52 44 58 50 20 40 36 39 
34:34 49 44 46 2 
35:35 29 10 18 52 43 21 24 46 53 2 51 61 45 49 23 4 11 15 55 59 3 8 37 34 14 33 0 40 36 50 16 12 38 42 20 44 47 28 30 58 
36:36 39 23 1 40 19 27 26 41 54 7 25 57 17 13 48 6 9 22 5 32 56 31 60 
37:37 34 16 43 61 33 53 14 38 12 49 46 52 44 58 50 20 40 36 39 
38:38 58 52 44 20 16 50 14 33 34 12 43 37 49 46 40 36 53 61 39 
39:39 57 48 5 56 13 6 9 41 54 32 60 17 22 31 
40:40 36 0 15 7 59 55 39 23 10 42 2 3 47 30 28 19 8 20 44 1 54 27 26 25 41 
41:41 1 9 13 54 5 32 6 57 56 19 17 22 31 48 60 39 27 25 26 7 
42:42 30 47 0 10 28 2 
43:43 46 53 61 49 
44:44 34 2 49 10 46 42 0 47 30 28 20 8 3 59 
45:45 21 50 29 23 51 18 24 4 11 15 35 55 59 3 8 20 28 36 39 
46:46 49 34 44 2 
47:47 28 30 42 10 0 2 
48:48 57 39 5 56 13 6 9 41 54 32 60 17 22 31 
49:49 46 34 44 2 
50:50 42 16 20 47 38 44 14 33 30 28 34 0 52 58 12 10 40 37 49 2 43 8 46 3 53 61 7 36 59 15 45 29 23 21 18 51 24 55 4 11 35 
51:51 23 21 24 4 11 18 45 29 15 55 59 35 
52:52 38 58 44 20 16 50 14 33 34 12 43 37 49 46 40 36 53 61 39 
53:53 61 
54:54 19 6 1 57 41 13 39 7 48 9 5 27 17 56 32 25 22 26 31 60 
55:55 15 59 0 18 40 24 3 10 14 29 51 8 36 45 21 23 52 4 11 37 50 16 20 42 33 38 43 47 34 44 28 58 12 2 30 49 46 35 53 61 
56:56 5 
57:57 39 48 54 17 13 6 41 9 5 22 56 32 31 60 
58:58 38 52 44 20 16 50 14 33 34 12 43 37 49 46 40 36 53 61 39 
59:59 3 15 8 55 28 20 47 18 30 24 0 42 45 10 29 50 51 21 23 2 4 11 35 44 
60:60 32 
61:61 53 
