31 17
43 37
51 29
60 32
9 5
61 37
18 15
35 29
37 16
29 10
42 30
46 43
61 53
59 15
52 29
33 14
28 8
13 6
40 14
38 20
15 0
17 9
45 8
54 13
42 10
53 43
20 8
44 34
40 15
54 6
37 34
33 21
42 0
37 33
27 17
26 1
40 7
40 33
47 42
59 45
34 14
28 20
49 34
57 5
22 17
29 21
19 1
43 33
47 30
47 0
37 14
25 17
57 41
26 25
50 16
36 1
45 15
50 14
34 33
57 17
51 21
43 38
51 24
50 45
38 16
41 13
9 6
45 37
36 23
37 21
54 19
55 15
58 38
40 36
59 36
59 3
10 0
29 24
52 38
30 28
57 9
50 20
59 8
29 18
57 13
32 9
45 18
36 20
51 50
8 3
13 5
32 13
24 18
45 21
21 18
44 38
