10 2
16 14
17 6
19 7
20 16
27 7
27 25
28 1
30 7
33 16
37 8
37 36
38 14
40 0
47 10
52 14
54 41
56 5
57 6
57 39
61 2
54 19
57 5
40 15
32 9
55 51
43 37
34 14
42 2
13 6
44 2
30 28
57 17
40 14
24 14
51 18
40 36
27 1
54 1
59 45
37 34
25 17
44 38
8 3
33 14
17 13
37 16
59 15
37 14
45 29
51 11
28 8
29 18
29 10
38 16
10 0
37 33
54 13
41 13
42 10
47 30
40 37
39 36
32 13
14 3
13 5
50 20
42 0
20 8
53 43
38 20
22 17
36 1
51 29
52 38
51 24
37 21
51 23
18 15
50 45
13 9
44 20
9 5
41 1
61 53
24 18
59 8
51 45
44 34
55 15
34 33
15 0
43 33
17 9
61 37
45 15
