45 1
52 1
88 1
103 1
108 1
109 1
202 1
320 1
449 1
582 1
639 1
67 2
194 2
257 2
315 2
326 2
344 2
374 2
384 2
559 2
17 3
20 3
99 3
229 3
416 3
428 3
433 3
559 3
614 3
16 4
111 4
126 4
371 4
394 4
413 4
457 4
462 4
478 4
551 4
585 4
624 4
643 4
19 5
41 5
45 5
87 5
90 5
92 5
95 5
102 5
107 5
11 6
37 6
39 6
108 6
171 6
270 6
387 6
410 6
515 6
559 6
639 6
50 7
51 7
58 7
60 7
78 7
85 7
365 7
533 7
536 7
10 8
12 8
14 8
34 8
42 8
49 8
68 8
114 8
123 8
124 8
496 8
21 9
24 9
28 9
59 9
61 9
84 9
121 9
258 9
568 9
8 10
14 10
22 10
27 10
33 10
42 10
49 10
51 10
69 10
79 10
82 10
83 10
123 10
133 10
6 11
35 11
133 11
183 11
387 11
577 11
615 11
632 11
635 11
640 11
651 11
8 12
21 12
25 12
27 12
32 12
36 12
40 12
42 12
44 12
49 12
57 12
72 12
76 12
100 12
112 12
119 12
39 13
53 13
64 13
66 13
69 13
74 13
101 13
109 13
278 13
368 13
398 13
426 13
8 14
10 14
21 14
22 14
26 14
27 14
42 14
96 14
110 14
120 14
123 14
133 14
134 14
16 15
43 15
59 15
60 15
74 15
85 15
129 15
285 15
287 15
371 15
418 15
4 16
15 16
33 16
60 16
85 16
97 16
100 16
108 16
176 16
229 16
267 16
536 16
675 16
3 17
25 17
40 17
57 17
99 17
103 17
111 17
125 17
127 17
133 17
135 17
183 17
22 18
23 18
33 18
41 18
45 18
58 18
76 18
107 18
559 18
5 19
29 19
41 19
45 19
58 19
65 19
74 19
87 19
90 19
92 19
95 19
102 19
107 19
3 20
22 20
35 20
42 20
46 20
53 20
56 20
79 20
266 20
284 20
418 20
424 20
428 20
654 20
9 21
12 21
14 21
22 21
26 21
27 21
28 21
37 21
42 21
44 21
68 21
82 21
83 21
113 21
120 21
125 21
128 21
131 21
133 21
555 21
10 22
14 22
18 22
20 22
21 22
42 22
49 22
79 22
83 22
123 22
18 23
47 23
57 23
71 23
86 23
130 23
134 23
183 23
187 23
539 23
9 24
108 24
317 24
522 24
528 24
531 24
546 24
587 24
647 24
650 24
673 24
676 24
12 25
17 25
28 25
35 25
46 25
47 25
57 25
127 25
428 25
14 26
21 26
27 26
42 26
68 26
76 26
80 26
83 26
110 26
113 26
114 26
117 26
123 26
124 26
125 26
128 26
10 27
12 27
14 27
21 27
26 27
32 27
44 27
70 27
83 27
113 27
428 27
9 28
21 28
25 28
34 28
37 28
48 28
57 28
63 28
89 28
102 28
105 28
106 28
110 28
115 28
118 28
120 28
127 28
128 28
131 28
167 28
262 28
284 28
587 28
19 29
41 29
72 29
73 29
87 29
90 29
112 29
269 29
455 29
581 29
237 30
274 30
300 30
307 30
342 30
349 30
435 30
437 30
441 30
43 31
56 31
130 31
132 31
188 31
244 31
294 31
354 31
497 31
12 32
27 32
57 32
78 32
88 32
113 32
133 32
183 32
574 32
10 33
16 33
18 33
46 33
57 33
78 33
119 33
131 33
289 33
675 33
8 34
28 34
42 34
105 34
106 34
130 34
167 34
247 34
354 34
11 35
20 35
25 35
46 35
116 35
127 35
178 35
418 35
622 35
12 36
40 36
55 36
67 36
71 36
72 36
74 36
86 36
100 36
104 36
106 36
109 36
6 37
21 37
28 37
44 37
83 37
102 37
110 37
133 37
238 37
387 37
286 38
308 38
325 38
367 38
401 38
406 38
408 38
409 38
411 38
428 38
438 38
6 39
13 39
50 39
51 39
64 39
74 39
86 39
229 39
368 39
385 39
398 39
410 39
426 39
442 39
12 40
17 40
36 40
45 40
96 40
151 40
155 40
263 40
559 40
5 41
18 41
19 41
29 41
45 41
58 41
87 41
90 41
92 41
95 41
102 41
107 41
8 42
10 42
12 42
14 42
20 42
21 42
22 42
26 42
34 42
49 42
66 42
68 42
69 42
79 42
80 42
91 42
103 42
114 42
123 42
124 42
125 42
133 42
143 42
15 43
31 43
57 43
85 43
129 43
183 43
285 43
312 43
537 43
602 43
12 44
21 44
27 44
37 44
72 44
76 44
78 44
83 44
91 44
110 44
112 44
113 44
119 44
120 44
123 44
664 44
1 45
5 45
18 45
19 45
40 45
41 45
58 45
87 45
90 45
92 45
95 45
102 45
107 45
320 45
20 46
25 46
33 46
35 46
51 46
85 46
129 46
162 46
266 46
357 46
422 46
542 46
549 46
590 46
643 46
665 46
23 47
25 47
52 47
93 47
105 47
111 47
116 47
127 47
128 47
129 47
134 47
202 47
383 47
28 48
120 48
218 48
359 48
433 48
534 48
587 48
606 48
683 48
8 49
10 49
12 49
22 49
42 49
68 49
78 49
91 49
112 49
114 49
123 49
124 49
125 49
133 49
419 49
669 49
7 50
39 50
51 50
64 50
74 50
229 50
368 50
398 50
442 50
7 51
10 51
39 51
46 51
50 51
64 51
69 51
71 51
74 51
81 51
123 51
368 51
398 51
1 52
47 52
71 52
89 52
108 52
128 52
129 52
157 52
336 52
559 52
13 53
20 53
64 53
66 53
69 53
377 53
409 53
419 53
424 53
426 53
59 54
61 54
77 54
84 54
165 54
173 54
327 54
461 54
467 54
471 54
36 55
65 55
77 55
93 55
106 55
108 55
109 55
111 55
131 55
462 55
654 55
673 55
20 56
31 56
105 56
130 56
132 56
285 56
357 56
418 56
663 56
12 57
17 57
23 57
25 57
28 57
32 57
33 57
43 57
63 57
66 57
76 57
88 57
91 57
113 57
115 57
118 57
119 57
127 57
128 57
133 57
183 57
199 57
238 57
457 57
574 57
7 58
18 58
19 58
41 58
45 58
71 58
87 58
106 58
455 58
462 58
526 58
536 58
9 59
15 59
54 59
60 59
61 59
84 59
121 59
203 59
462 59
489 59
491 59
7 60
15 60
16 60
59 60
61 60
70 60
82 60
84 60
85 60
97 60
104 60
117 60
124 60
150 60
258 60
285 60
286 60
287 60
413 60
591 60
9 61
54 61
59 61
60 61
84 61
103 61
121 61
127 61
268 61
395 61
461 61
464 61
471 61
500 61
511 62
534 62
552 62
579 62
583 62
650 62
659 62
660 62
676 62
28 63
57 63
76 63
97 63
110 63
117 63
118 63
416 63
514 63
593 63
13 64
39 64
50 64
51 64
53 64
66 64
74 64
363 64
368 64
385 64
398 64
19 65
55 65
90 65
93 65
109 65
280 65
294 65
575 65
668 65
13 66
42 66
53 66
57 66
64 66
69 66
149 66
285 66
377 66
409 66
2 67
36 67
120 67
325 67
374 67
515 67
538 67
618 67
633 67
637 67
657 67
8 68
21 68
26 68
42 68
49 68
80 68
82 68
124 68
125 68
176 68
250 68
457 68
10 69
13 69
42 69
51 69
53 69
66 69
101 69
104 69
123 69
303 69
419 69
27 70
60 70
72 70
93 70
94 70
125 70
150 70
357 70
549 70
611 70
23 71
36 71
51 71
52 71
58 71
72 71
77 71
78 71
93 71
115 71
123 71
125 71
131 71
541 71
622 71
684 71
12 72
29 72
36 72
44 72
70 72
71 72
73 72
77 72
79 72
86 72
97 72
98 72
100 72
112 72
664 72
29 73
72 73
77 73
108 73
118 73
183 73
354 73
536 73
566 73
13 74
15 74
19 74
36 74
39 74
50 74
51 74
64 74
75 74
86 74
90 74
363 74
368 74
385 74
398 74
410 74
412 74
422 74
442 74
74 75
94 75
135 75
242 75
253 75
258 75
286 75
368 75
412 75
429 75
12 76
18 76
26 76
44 76
57 76
63 76
79 76
83 76
91 76
110 76
115 76
54 77
55 77
71 77
72 77
73 77
88 77
103 77
131 77
460 77
461 77
470 77
7 78
32 78
33 78
44 78
49 78
71 78
104 78
115 78
119 78
123 78
587 78
649 78
664 78
10 79
20 79
22 79
42 79
72 79
76 79
82 79
110 79
112 79
123 79
26 80
42 80
68 80
122 80
250 80
286 80
366 80
370 80
371 80
418 80
51 81
86 81
149 81
248 81
283 81
287 81
309 81
333 81
341 81
399 81
406 81
427 81
10 82
21 82
60 82
68 82
79 82
114 82
163 82
171 82
236 82
260 82
340 82
645 82
10 83
21 83
22 83
26 83
27 83
37 83
44 83
76 83
110 83
113 83
120 83
123 83
404 83
9 84
54 84
59 84
60 84
61 84
121 84
221 84
461 84
471 84
588 84
7 85
15 85
16 85
43 85
46 85
60 85
97 85
100 85
101 85
117 85
188 85
285 85
591 85
602 85
23 86
36 86
39 86
72 86
74 86
81 86
96 86
117 86
363 86
549 86
5 87
19 87
29 87
41 87
45 87
58 87
90 87
92 87
95 87
102 87
107 87
121 87
1 88
32 88
57 88
77 88
115 88
127 88
235 88
312 88
320 88
28 89
52 89
92 89
105 89
120 89
128 89
164 89
199 89
262 89
487 89
580 89
608 89
5 90
19 90
29 90
41 90
45 90
65 90
74 90
87 90
92 90
95 90
102 90
107 90
121 90
198 90
404 90
42 91
44 91
49 91
57 91
76 91
130 91
183 91
573 91
619 91
655 91
5 92
19 92
41 92
45 92
87 92
89 92
90 92
95 92
102 92
107 92
280 92
487 92
668 92
47 93
55 93
65 93
70 93
71 93
111 93
134 93
327 93
383 93
70 94
75 94
102 94
173 94
395 94
406 94
427 94
549 94
576 94
613 94
663 94
665 94
5 95
19 95
41 95
45 95
87 95
90 95
92 95
102 95
107 95
14 96
40 96
86 96
102 96
246 96
274 96
534 96
545 96
634 96
16 97
60 97
63 97
72 97
85 97
98 97
100 97
117 97
125 97
188 97
72 98
97 98
99 98
125 98
288 98
360 98
427 98
549 98
559 98
3 99
17 99
98 99
172 99
240 99
271 99
421 99
519 99
672 99
12 100
16 100
36 100
72 100
85 100
97 100
110 100
114 100
125 100
457 100
13 101
69 101
85 101
104 101
109 101
110 101
117 101
332 101
342 101
5 102
19 102
28 102
37 102
41 102
45 102
87 102
90 102
92 102
94 102
95 102
96 102
107 102
121 102
131 102
1 103
17 103
42 103
61 103
77 103
118 103
127 103
183 103
438 103
457 103
461 103
559 103
36 104
60 104
69 104
78 104
101 104
120 104
285 104
395 104
587 104
28 105
34 105
47 105
56 105
89 105
106 105
118 105
120 105
128 105
134 105
183 105
219 105
383 105
457 105
487 105
568 105
580 105
28 106
34 106
36 106
55 106
58 106
105 106
129 106
285 106
517 106
533 106
673 106
5 107
18 107
19 107
41 107
45 107
87 107
90 107
92 107
95 107
102 107
1 108
6 108
16 108
24 108
52 108
55 108
73 108
299 108
320 108
1 109
13 109
36 109
55 109
65 109
101 109
112 109
304 109
406 109
626 109
14 110
26 110
28 110
37 110
44 110
63 110
76 110
79 110
83 110
100 110
101 110
113 110
114 110
120 110
219 110
407 110
4 111
17 111
47 111
55 111
93 111
123 111
134 111
583 111
587 111
12 112
29 112
44 112
49 112
72 112
79 112
109 112
131 112
664 112
21 113
26 113
27 113
32 113
44 113
57 113
83 113
110 113
120 113
184 113
8 114
26 114
42 114
49 114
82 114
100 114
110 114
122 114
123 114
124 114
28 115
57 115
71 115
76 115
78 115
88 115
131 115
293 115
438 115
614 115
35 116
47 116
514 116
533 116
560 116
562 116
574 116
596 116
622 116
624 116
640 116
663 116
26 117
60 117
63 117
85 117
86 117
97 117
101 117
273 117
285 117
287 117
343 117
549 117
28 118
57 118
63 118
73 118
103 118
105 118
121 118
183 118
272 118
471 118
593 118
12 119
33 119
44 119
57 119
78 119
123 119
131 119
303 119
587 119
14 120
21 120
28 120
44 120
48 120
67 120
83 120
89 120
104 120
105 120
110 120
113 120
123 120
128 120
608 120
9 121
59 121
61 121
84 121
87 121
90 121
102 121
118 121
258 121
80 122
114 122
124 122
137 122
268 122
283 122
355 122
371 122
424 122
428 122
8 123
10 123
14 123
22 123
26 123
42 123
44 123
49 123
51 123
69 123
71 123
78 123
79 123
83 123
111 123
114 123
119 123
120 123
124 123
8 124
26 124
42 124
49 124
60 124
68 124
114 124
122 124
123 124
125 124
126 124
17 125
21 125
26 125
42 125
49 125
68 125
70 125
71 125
97 125
98 125
100 125
124 125
4 126
124 126
237 126
274 126
341 126
342 126
349 126
366 126
624 126
17 127
25 127
28 127
35 127
47 127
57 127
61 127
88 127
103 127
133 127
622 127
21 128
26 128
28 128
47 128
52 128
57 128
89 128
105 128
120 128
133 128
608 128
15 129
43 129
46 129
47 129
52 129
106 129
134 129
162 129
282 129
285 129
423 129
602 129
663 129
23 130
31 130
34 130
56 130
91 130
132 130
134 130
158 130
183 130
284 130
285 130
370 130
438 130
565 130
567 130
619 130
21 131
28 131
33 131
55 131
71 131
77 131
102 131
112 131
115 131
119 131
289 131
675 131
31 132
56 132
130 132
284 132
316 132
341 132
353 132
366 132
381 132
405 132
437 132
10 133
11 133
14 133
17 133
21 133
32 133
37 133
42 133
49 133
57 133
127 133
128 133
134 133
183 133
325 133
419 133
590 133
14 134
23 134
47 134
93 134
105 134
111 134
129 134
130 134
133 134
153 134
183 134
354 134
370 134
545 134
17 135
75 135
142 135
200 135
258 135
286 135
316 135
434 135
442 135
151 136
155 136
159 136
160 136
182 136
184 136
494 136
495 136
525 136
613 136
122 137
160 137
162 137
201 137
253 137
268 137
286 137
301 137
429 137
263 138
276 138
357 138
374 138
380 138
397 138
500 138
589 138
641 138
142 139
145 139
161 139
166 139
201 139
203 139
207 139
209 139
210 139
211 139
215 139
146 140
147 140
149 140
196 140
204 140
205 140
208 140
210 140
211 140
212 140
324 140
144 141
148 141
161 141
169 141
187 141
189 141
207 141
211 141
212 141
214 141
215 141
135 142
139 142
146 142
147 142
148 142
150 142
196 142
197 142
199 142
201 142
205 142
206 142
210 142
211 142
212 142
213 142
214 142
465 142
556 142
609 142
644 142
42 143
158 143
180 143
183 143
198 143
335 143
370 143
385 143
438 143
552 143
141 144
207 144
210 144
212 144
214 144
215 144
438 144
499 144
524 144
139 145
148 145
149 145
161 145
197 145
203 145
205 145
206 145
207 145
209 145
210 145
213 145
215 145
140 146
142 146
147 146
196 146
197 146
204 146
205 146
206 146
208 146
211 146
212 146
213 146
590 146
644 146
140 147
142 147
146 147
149 147
196 147
197 147
199 147
201 147
204 147
205 147
206 147
210 147
211 147
212 147
213 147
141 148
142 148
145 148
161 148
166 148
169 148
189 148
196 148
203 148
206 148
208 148
210 148
214 148
215 148
299 148
556 148
66 149
81 149
140 149
145 149
147 149
205 149
211 149
284 149
393 149
593 149
60 150
70 150
142 150
172 150
199 150
205 150
206 150
211 150
285 150
357 150
641 150
40 151
136 151
155 151
156 151
159 151
162 151
188 151
192 151
202 151
258 151
517 151
528 151
627 151
647 151
674 151
679 151
216 152
242 152
296 152
303 152
341 152
377 152
388 152
421 152
668 152
134 153
178 153
179 153
185 153
257 153
453 153
478 153
549 153
662 153
158 154
164 154
171 154
354 154
362 154
363 154
370 154
372 154
432 154
453 154
454 154
509 154
540 154
545 154
569 154
40 155
136 155
151 155
159 155
162 155
188 155
192 155
202 155
258 155
517 155
528 155
627 155
647 155
674 155
679 155
151 156
157 156
159 156
160 156
168 156
174 156
179 156
180 156
181 156
182 156
186 156
188 156
189 156
190 156
202 156
525 156
528 156
647 156
674 156
52 157
156 157
159 157
160 157
165 157
168 157
173 157
174 157
175 157
177 157
178 157
182 157
188 157
189 157
195 157
211 157
674 157
130 158
143 158
154 158
163 158
276 158
500 158
514 158
576 158
618 158
136 159
151 159
155 159
156 159
157 159
168 159
174 159
175 159
178 159
182 159
185 159
186 159
192 159
195 159
540 159
579 159
638 159
648 159
136 160
137 160
156 160
157 160
162 160
168 160
180 160
181 160
182 160
186 160
188 160
190 160
362 160
514 160
525 160
528 160
541 160
562 160
609 160
617 160
647 160
674 160
679 160
139 161
141 161
145 161
148 161
166 161
169 161
179 161
180 161
184 161
187 161
189 161
195 161
203 161
207 161
215 161
449 161
539 161
46 162
129 162
137 162
151 162
155 162
160 162
164 162
175 162
178 162
184 162
188 162
299 162
422 162
82 163
158 163
191 163
208 163
241 163
263 163
404 163
433 163
446 163
549 163
576 163
601 163
604 163
613 163
645 163
663 163
665 163
666 163
89 164
154 164
162 164
208 164
372 164
422 164
453 164
475 164
635 164
54 165
157 165
208 165
517 165
590 165
598 165
656 165
662 165
670 165
139 166
148 166
161 166
169 166
170 166
203 166
517 166
598 166
656 166
662 166
28 167
34 167
200 167
248 167
337 167
441 167
454 167
615 167
632 167
681 167
156 168
157 168
159 168
160 168
174 168
182 168
188 168
528 168
540 168
552 168
638 168
674 168
141 169
148 169
161 169
166 169
187 169
189 169
203 169
210 169
213 169
214 169
215 169
166 170
208 170
213 170
216 170
372 170
588 170
593 170
598 170
662 170
681 170
6 171
82 171
154 171
183 171
354 171
370 171
552 171
576 171
645 171
99 172
150 172
206 172
313 172
520 172
524 172
645 172
656 172
684 172
54 173
94 173
157 173
211 173
229 173
268 173
363 173
441 173
467 173
156 174
157 174
159 174
168 174
175 174
178 174
182 174
185 174
188 174
614 174
638 174
157 175
159 175
162 175
174 175
177 175
178 175
185 175
188 175
195 175
198 175
224 175
16 176
68 176
221 176
401 176
494 176
509 176
511 176
568 176
641 176
157 177
175 177
178 177
185 177
195 177
310 177
335 177
379 177
399 177
35 178
153 178
157 178
159 178
162 178
174 178
175 178
177 178
185 178
188 178
195 178
528 178
153 179
156 179
161 179
180 179
182 179
185 179
186 179
188 179
215 179
231 179
541 179
143 180
156 180
160 180
161 180
179 180
182 180
186 180
187 180
188 180
190 180
192 180
525 180
541 180
156 181
160 181
182 181
188 181
195 181
404 181
525 181
528 181
582 181
617 181
674 181
136 182
156 182
157 182
159 182
160 182
168 182
174 182
179 182
180 182
181 182
184 182
186 182
188 182
189 182
190 182
525 182
528 182
643 182
647 182
674 182
11 183
17 183
23 183
32 183
43 183
57 183
73 183
91 183
103 183
105 183
118 183
130 183
133 183
134 183
143 183
171 183
238 183
244 183
285 183
305 183
340 183
370 183
444 183
471 183
509 183
512 183
515 183
552 183
559 183
565 183
667 183
113 184
136 184
161 184
162 184
182 184
186 184
187 184
189 184
453 184
643 184
153 185
159 185
174 185
175 185
177 185
178 185
179 185
187 185
195 185
640 185
156 186
159 186
160 186
179 186
180 186
182 186
184 186
187 186
195 186
273 186
23 187
141 187
161 187
169 187
180 187
184 187
185 187
186 187
203 187
207 187
209 187
214 187
539 187
31 188
85 188
97 188
151 188
155 188
156 188
157 188
160 188
162 188
168 188
174 188
175 188
178 188
179 188
180 188
181 188
182 188
202 188
525 188
528 188
541 188
617 188
627 188
633 188
647 188
674 188
679 188
141 189
148 189
156 189
157 189
161 189
169 189
182 189
184 189
215 189
156 190
160 190
180 190
182 190
192 190
196 190
528 190
590 190
647 190
674 190
163 191
303 191
433 191
436 191
549 191
576 191
586 191
643 191
665 191
151 192
155 192
159 192
180 192
190 192
525 192
528 192
617 192
674 192
679 192
428 193
489 193
511 193
532 193
543 193
558 193
599 193
642 193
682 193
685 193
2 194
247 194
257 194
299 194
385 194
456 194
498 194
512 194
571 194
157 195
159 195
161 195
175 195
177 195
178 195
181 195
185 195
186 195
140 196
142 196
146 196
147 196
148 196
190 196
197 196
210 196
211 196
212 196
466 196
142 197
145 197
146 197
147 197
196 197
199 197
204 197
205 197
210 197
211 197
212 197
224 197
556 197
644 197
90 198
143 198
175 198
359 198
469 198
561 198
599 198
641 198
685 198
57 199
89 199
142 199
147 199
150 199
197 199
205 199
211 199
212 199
135 200
167 200
209 200
214 200
215 200
248 200
389 200
450 200
556 200
644 200
137 201
139 201
142 201
147 201
203 201
204 201
205 201
207 201
210 201
211 201
242 201
1 202
47 202
151 202
155 202
156 202
188 202
525 202
617 202
627 202
649 202
59 203
139 203
145 203
148 203
161 203
166 203
169 203
187 203
201 203
207 203
209 203
210 203
214 203
215 203
539 203
140 204
146 204
147 204
197 204
201 204
213 204
242 204
273 204
366 204
140 205
142 205
145 205
146 205
147 205
149 205
150 205
197 205
199 205
201 205
206 205
207 205
209 205
210 205
211 205
213 205
142 206
145 206
146 206
147 206
148 206
150 206
172 206
205 206
207 206
644 206
139 207
141 207
144 207
145 207
161 207
187 207
201 207
203 207
205 207
206 207
209 207
210 207
211 207
214 207
215 207
539 207
140 208
146 208
148 208
163 208
164 208
165 208
170 208
211 208
556 208
562 208
566 208
644 208
681 208
139 209
145 209
187 209
200 209
203 209
205 209
207 209
210 209
211 209
212 209
213 209
214 209
215 209
539 209
139 210
140 210
142 210
144 210
145 210
147 210
148 210
169 210
196 210
197 210
201 210
203 210
205 210
207 210
209 210
211 210
213 210
214 210
215 210
556 210
644 210
139 211
140 211
141 211
142 211
146 211
147 211
149 211
150 211
157 211
173 211
196 211
197 211
199 211
201 211
205 211
207 211
208 211
209 211
210 211
212 211
214 211
644 211
140 212
141 212
142 212
144 212
146 212
147 212
196 212
197 212
199 212
209 212
211 212
214 212
215 212
142 213
145 213
146 213
147 213
169 213
170 213
204 213
205 213
209 213
210 213
350 213
644 213
141 214
142 214
144 214
148 214
169 214
187 214
200 214
203 214
207 214
209 214
210 214
211 214
212 214
215 214
449 214
508 214
139 215
141 215
144 215
145 215
148 215
161 215
169 215
179 215
189 215
200 215
203 215
207 215
209 215
210 215
212 215
214 215
447 215
152 216
170 216
255 216
257 216
280 216
294 216
311 216
359 216
420 216
668 216
219 217
251 217
286 217
294 217
298 217
360 217
361 217
380 217
396 217
397 217
48 218
223 218
230 218
264 218
271 218
338 218
414 218
417 218
428 218
433 218
437 218
105 219
110 219
217 219
232 219
286 219
327 219
336 219
352 219
493 219
609 219
633 219
228 220
237 220
269 220
331 220
346 220
347 220
348 220
349 220
351 220
358 220
364 220
367 220
381 220
402 220
407 220
408 220
411 220
441 220
462 220
500 220
84 221
176 221
250 221
276 221
298 221
316 221
343 221
356 221
405 221
414 221
423 221
443 221
455 221
237 222
242 222
249 222
254 222
279 222
300 222
306 222
331 222
349 222
386 222
397 222
645 222
218 223
249 223
315 223
319 223
348 223
352 223
373 223
380 223
381 223
390 223
391 223
405 223
440 223
595 223
604 223
175 224
197 224
231 224
280 224
305 224
324 224
330 224
334 224
524 224
227 225
237 225
263 225
275 225
328 225
353 225
360 225
376 225
414 225
439 225
251 226
255 226
256 226
273 226
302 226
370 226
395 226
396 226
420 226
421 226
425 226
225 227
241 227
264 227
268 227
274 227
297 227
372 227
384 227
645 227
220 228
243 228
262 228
269 228
288 228
346 228
347 228
348 228
349 228
351 228
367 228
407 228
408 228
409 228
411 228
413 228
428 228
431 228
437 228
3 229
16 229
39 229
50 229
173 229
359 229
360 229
363 229
367 229
368 229
382 229
398 229
412 229
418 229
426 229
471 229
218 230
248 230
281 230
288 230
291 230
307 230
316 230
322 230
342 230
346 230
353 230
386 230
388 230
389 230
403 230
414 230
420 230
435 230
437 230
634 230
179 231
224 231
295 231
305 231
324 231
330 231
334 231
337 231
524 231
219 232
240 232
253 232
265 232
278 232
279 232
314 232
320 232
321 232
336 232
341 232
367 232
386 232
397 232
421 232
429 232
236 233
272 233
278 233
283 233
286 233
304 233
314 233
338 233
342 233
388 233
586 233
624 233
252 234
256 234
267 234
281 234
290 234
302 234
317 234
321 234
322 234
329 234
330 234
370 234
389 234
415 234
421 234
425 234
435 234
654 234
88 235
237 235
246 235
249 235
271 235
302 235
304 235
313 235
328 235
335 235
337 235
340 235
415 235
416 235
82 236
233 236
244 236
261 236
283 236
341 236
370 236
382 236
388 236
397 236
586 236
30 237
126 237
220 237
222 237
225 237
235 237
240 237
267 237
270 237
271 237
274 237
297 237
307 237
313 237
346 237
349 237
357 237
379 237
384 237
411 237
435 237
437 237
441 237
37 238
57 238
183 238
285 238
323 238
387 238
486 238
498 238
559 238
254 239
256 239
272 239
304 239
306 239
309 239
311 239
585 239
682 239
99 240
232 240
237 240
260 240
267 240
271 240
291 240
313 240
328 240
332 240
375 240
376 240
415 240
163 241
227 241
247 241
252 241
264 241
265 241
268 241
277 241
307 241
372 241
374 241
75 242
152 242
201 242
204 242
222 242
258 242
272 242
279 242
355 242
228 243
244 243
256 243
370 243
420 243
421 243
548 243
565 243
578 243
590 243
31 244
183 244
236 244
243 244
270 244
299 244
351 244
382 244
383 244
387 244
439 244
512 244
270 245
274 245
289 245
291 245
300 245
327 245
339 245
354 245
404 245
444 245
446 245
453 245
96 246
235 246
251 246
270 246
274 246
298 246
300 246
304 246
321 246
325 246
34 247
194 247
241 247
264 247
277 247
348 247
374 247
382 247
385 247
394 247
400 247
81 248
167 248
200 248
230 248
333 248
370 248
388 248
436 248
477 248
222 249
223 249
235 249
301 249
308 249
319 249
323 249
331 249
336 249
348 249
352 249
373 249
378 249
380 249
390 249
391 249
401 249
403 249
433 249
440 249
534 249
68 250
80 250
221 250
287 250
288 250
316 250
356 250
371 250
414 250
424 250
217 251
226 251
246 251
255 251
267 251
270 251
271 251
294 251
304 251
321 251
328 251
337 251
396 251
425 251
234 252
241 252
290 252
295 252
306 252
310 252
329 252
341 252
421 252
75 253
137 253
232 253
258 253
265 253
280 253
314 253
389 253
420 253
421 253
429 253
656 253
222 254
239 254
256 254
290 254
295 254
311 254
320 254
332 254
386 254
420 254
526 254
216 255
226 255
251 255
267 255
271 255
313 255
321 255
324 255
329 255
333 255
334 255
420 255
421 255
456 255
468 255
226 256
234 256
239 256
243 256
254 256
281 256
311 256
322 256
329 256
332 256
386 256
415 256
420 256
421 256
2 257
153 257
194 257
216 257
297 257
315 257
326 257
331 257
344 257
349 257
384 257
441 257
9 258
60 258
75 258
121 258
135 258
151 258
155 258
242 258
253 258
325 258
425 258
429 258
277 259
301 259
368 259
374 259
387 259
393 259
399 259
513 259
571 259
82 260
240 260
271 260
332 260
340 260
375 260
376 260
388 260
404 260
645 260
236 261
292 261
318 261
338 261
342 261
370 261
388 261
417 261
418 261
428 261
28 262
89 262
228 262
301 262
320 262
338 262
390 262
398 262
402 262
403 262
40 263
138 263
163 263
225 263
275 263
276 263
279 263
282 263
296 263
318 263
328 263
353 263
414 263
417 263
423 263
548 263
218 264
227 264
241 264
247 264
277 264
311 264
361 264
372 264
374 264
392 264
394 264
433 264
232 265
241 265
253 265
302 265
314 265
388 265
429 265
526 265
581 265
20 266
46 266
288 266
296 266
316 266
329 266
366 266
420 266
526 266
16 267
234 267
237 267
240 267
251 267
255 267
270 267
271 267
329 267
332 267
415 267
61 268
122 268
137 268
173 268
227 268
241 268
272 268
283 268
285 268
307 268
370 268
374 268
419 268
545 268
605 268
645 268
29 269
220 269
228 269
294 269
326 269
331 269
342 269
343 269
344 269
346 269
347 269
348 269
349 269
351 269
353 269
362 269
364 269
379 269
384 269
406 269
408 269
411 269
413 269
438 269
6 270
237 270
244 270
245 270
246 270
251 270
267 270
271 270
302 270
317 270
329 270
347 270
351 270
369 270
415 270
436 270
471 270
99 271
218 271
235 271
237 271
240 271
251 271
255 271
260 271
267 271
270 271
324 271
328 271
415 271
118 272
233 272
239 272
242 272
268 272
304 272
370 272
422 272
427 272
559 272
117 273
186 273
204 273
226 273
291 273
299 273
330 273
397 273
493 273
30 274
96 274
126 274
227 274
237 274
245 274
246 274
307 274
339 274
341 274
349 274
384 274
441 274
515 274
225 275
263 275
293 275
296 275
318 275
328 275
353 275
356 275
376 275
399 275
403 275
414 275
439 275
634 275
138 276
158 276
221 276
263 276
298 276
356 276
363 276
374 276
412 276
414 276
423 276
500 276
241 277
247 277
259 277
264 277
300 277
301 277
348 277
357 277
361 277
369 277
372 277
374 277
392 277
394 277
400 277
419 277
434 277
440 277
13 278
232 278
233 278
296 278
310 278
374 278
385 278
565 278
590 278
622 278
222 279
232 279
242 279
263 279
296 279
386 279
397 279
575 279
626 279
65 280
92 280
216 280
224 280
253 280
281 280
294 280
322 280
341 280
429 280
668 280
230 281
234 281
256 281
280 281
302 281
322 281
386 281
389 281
400 281
435 281
129 282
263 282
283 282
324 282
423 282
424 282
576 282
613 282
645 282
663 282
81 283
122 283
233 283
236 283
268 283
282 283
299 283
423 283
427 283
633 283
676 283
20 284
28 284
130 284
132 284
149 284
285 284
316 284
366 284
567 284
593 284
15 285
43 285
56 285
60 285
66 285
85 285
104 285
106 285
117 285
129 285
130 285
150 285
183 285
238 285
268 285
284 285
287 285
305 285
351 285
377 285
385 285
413 285
419 285
438 285
559 285
38 286
60 286
75 286
80 286
135 286
137 286
217 286
219 286
233 286
362 286
368 286
385 286
412 286
461 286
555 286
609 286
15 287
60 287
81 287
117 287
250 287
285 287
370 287
521 287
666 287
98 288
228 288
230 288
250 288
266 288
292 288
296 288
316 288
346 288
353 288
366 288
418 288
420 288
33 289
131 289
245 289
296 289
500 289
533 289
614 289
673 289
675 289
234 290
252 290
254 290
295 290
306 290
310 290
327 290
329 290
341 290
230 291
240 291
245 291
273 291
293 291
307 291
332 291
367 291
375 291
376 291
401 291
403 291
446 291
456 291
261 292
288 292
316 292
318 292
331 292
346 292
359 292
366 292
418 292
420 292
437 292
115 293
275 293
291 293
318 293
349 293
359 293
367 293
401 293
403 293
426 293
434 293
439 293
440 293
31 294
65 294
216 294
217 294
251 294
269 294
280 294
301 294
330 294
381 294
405 294
668 294
231 295
252 295
254 295
290 295
306 295
310 295
311 295
341 295
437 295
526 295
152 296
263 296
266 296
275 296
278 296
279 296
288 296
289 296
316 296
318 296
328 296
353 296
366 296
403 296
420 296
468 296
227 297
237 297
257 297
315 297
357 297
383 297
384 297
440 297
452 297
685 297
217 298
221 298
246 298
276 298
356 298
366 298
397 298
423 298
645 298
108 299
148 299
162 299
194 299
244 299
273 299
283 299
382 299
383 299
422 299
427 299
617 299
30 300
222 300
245 300
246 300
277 300
309 300
327 300
337 300
369 300
372 300
416 300
634 300
137 301
249 301
259 301
262 301
277 301
294 301
323 301
348 301
352 301
355 301
361 301
380 301
390 301
396 301
401 301
402 301
403 301
433 301
440 301
226 302
234 302
235 302
265 302
270 302
281 302
330 302
389 302
415 302
69 303
119 303
152 303
191 303
365 303
382 303
388 303
400 303
436 303
586 303
109 304
233 304
235 304
239 304
246 304
251 304
272 304
321 304
329 304
337 304
338 304
396 304
410 304
415 304
417 304
459 304
533 304
655 304
183 305
224 305
231 305
285 305
325 305
329 305
334 305
340 305
524 305
222 306
239 306
252 306
290 306
295 306
310 306
349 306
377 306
654 306
30 307
230 307
237 307
241 307
268 307
274 307
291 307
349 307
433 307
441 307
456 307
38 308
249 308
323 308
351 308
360 308
367 308
401 308
403 308
411 308
81 309
239 309
300 309
400 309
435 309
469 309
521 309
523 309
586 309
617 309
666 309
667 309
177 310
252 310
278 310
290 310
295 310
306 310
325 310
327 310
334 310
335 310
376 310
399 310
216 311
239 311
254 311
256 311
264 311
295 311
329 311
420 311
421 311
437 311
526 311
43 312
88 312
363 312
445 312
448 312
454 312
464 312
504 312
520 312
551 312
172 313
235 313
237 313
240 313
255 313
324 313
329 313
337 313
415 313
420 313
421 313
436 313
468 313
232 314
233 314
253 314
265 314
325 314
333 314
388 314
389 314
406 314
415 314
428 314
429 314
2 315
223 315
257 315
297 315
341 315
359 315
384 315
436 315
439 315
440 315
132 316
135 316
221 316
230 316
250 316
266 316
284 316
288 316
292 316
296 316
346 316
353 316
366 316
420 316
437 316
24 317
234 317
270 317
321 317
329 317
330 317
370 317
415 317
425 317
261 318
263 318
275 318
292 318
293 318
296 318
328 318
365 318
414 318
416 318
424 318
223 319
249 319
352 319
373 319
380 319
390 319
391 319
403 319
430 319
440 319
571 319
1 320
45 320
88 320
108 320
232 320
254 320
262 320
338 320
351 320
428 320
232 321
234 321
246 321
251 321
255 321
304 321
317 321
329 321
417 321
420 321
425 321
230 322
234 322
256 322
280 322
281 322
345 322
386 322
389 322
400 322
416 322
435 322
238 323
249 323
301 323
308 323
339 323
368 323
387 323
395 323
396 323
397 323
401 323
440 323
442 323
140 324
224 324
231 324
255 324
271 324
282 324
313 324
330 324
420 324
524 324
38 325
67 325
133 325
246 325
258 325
305 325
310 325
314 325
328 325
329 325
333 325
337 325
415 325
416 325
425 325
428 325
2 326
257 326
269 326
331 326
342 326
344 326
346 326
347 326
348 326
349 326
351 326
364 326
54 327
93 327
219 327
245 327
290 327
300 327
310 327
335 327
399 327
685 327
225 328
235 328
240 328
251 328
263 328
271 328
275 328
296 328
318 328
325 328
337 328
396 328
416 328
234 329
252 329
255 329
256 329
266 329
267 329
270 329
290 329
304 329
305 329
311 329
313 329
317 329
321 329
325 329
330 329
370 329
415 329
421 329
425 329
428 329
654 329
224 330
231 330
234 330
273 330
294 330
302 330
317 330
324 330
329 330
333 330
334 330
370 330
415 330
456 330
220 331
222 331
249 331
257 331
269 331
292 331
326 331
342 331
343 331
344 331
346 331
347 331
348 331
349 331
353 331
354 331
358 331
364 331
372 331
378 331
379 331
386 331
392 331
393 331
401 331
402 331
403 331
405 331
406 331
407 331
411 331
431 331
433 331
435 331
437 331
440 331
441 331
101 332
240 332
254 332
256 332
260 332
267 332
291 332
375 332
376 332
415 332
421 332
575 332
81 333
248 333
255 333
314 333
325 333
330 333
334 333
341 333
425 333
456 333
491 333
224 334
231 334
255 334
305 334
310 334
330 334
333 334
335 334
399 334
143 335
177 335
235 335
310 335
327 335
334 335
340 335
376 335
396 335
399 335
427 335
52 336
219 336
232 336
249 336
341 336
343 336
358 336
386 336
390 336
403 336
167 337
231 337
235 337
251 337
300 337
304 337
313 337
325 337
328 337
416 337
466 337
655 337
218 338
233 338
261 338
262 338
304 338
320 338
342 338
388 338
415 338
417 338
586 338
245 339
274 339
323 339
342 339
349 339
403 339
453 339
606 339
645 339
82 340
183 340
235 340
260 340
305 340
335 340
415 340
453 340
552 340
645 340
81 341
126 341
132 341
152 341
232 341
236 341
252 341
274 341
280 341
290 341
295 341
315 341
333 341
336 341
342 341
365 341
382 341
388 341
392 341
406 341
436 341
586 341
30 342
101 342
126 342
230 342
233 342
261 342
269 342
326 342
331 342
338 342
339 342
341 342
343 342
344 342
345 342
346 342
349 342
351 342
364 342
379 342
624 342
117 343
221 343
269 343
331 343
336 343
342 343
346 343
348 343
353 343
390 343
414 343
441 343
581 343
2 344
257 344
269 344
326 344
331 344
342 344
346 344
347 344
348 344
349 344
351 344
364 344
322 345
342 345
346 345
348 345
349 345
367 345
386 345
403 345
405 345
220 346
228 346
230 346
237 346
269 346
288 346
292 346
316 346
326 346
331 346
342 346
343 346
344 346
345 346
347 346
348 346
349 346
353 346
364 346
367 346
384 346
407 346
411 346
413 346
414 346
426 346
437 346
220 347
228 347
269 347
270 347
326 347
331 347
344 347
346 347
348 347
379 347
426 347
438 347
220 348
223 348
228 348
247 348
249 348
269 348
277 348
301 348
326 348
331 348
343 348
344 348
345 348
346 348
347 348
351 348
352 348
353 348
354 348
358 348
362 348
367 348
369 348
378 348
380 348
381 348
390 348
391 348
393 348
401 348
402 348
403 348
405 348
407 348
408 348
409 348
413 348
419 348
431 348
432 348
434 348
438 348
440 348
30 349
126 349
220 349
222 349
228 349
237 349
257 349
269 349
274 349
293 349
306 349
307 349
326 349
331 349
339 349
342 349
344 349
345 349
346 349
351 349
364 349
379 349
381 349
383 349
402 349
405 349
411 349
435 349
437 349
441 349
513 349
213 350
352 350
372 350
405 350
440 350
453 350
519 350
571 350
672 350
220 351
228 351
244 351
269 351
270 351
285 351
308 351
320 351
326 351
342 351
344 351
348 351
349 351
353 351
384 351
385 351
403 351
414 351
219 352
223 352
249 352
301 352
319 352
348 352
350 352
358 352
373 352
380 352
381 352
390 352
391 352
401 352
402 352
405 352
431 352
438 352
440 352
513 352
132 353
225 353
230 353
263 353
269 353
275 353
288 353
296 353
316 353
331 353
343 353
346 353
348 353
351 353
367 353
384 353
393 353
403 353
414 353
437 353
439 353
31 354
34 354
73 354
134 354
154 354
171 354
245 354
331 354
348 354
358 354
372 354
432 354
440 354
569 354
575 354
590 354
122 355
242 355
301 355
358 355
359 355
363 355
407 355
422 355
431 355
439 355
221 356
250 356
275 356
276 356
298 356
360 356
368 356
398 356
407 356
414 356
422 356
423 356
442 356
46 357
56 357
70 357
138 357
150 357
237 357
277 357
297 357
370 357
372 357
443 357
549 357
643 357
220 358
331 358
336 358
348 358
352 358
354 358
355 358
379 358
385 358
386 358
401 358
407 358
431 358
439 358
48 359
198 359
216 359
229 359
292 359
293 359
315 359
355 359
360 359
361 359
363 359
368 359
375 359
383 359
390 359
393 359
398 359
401 359
412 359
98 360
217 360
225 360
229 360
308 360
356 360
359 360
363 360
367 360
368 360
378 360
398 360
401 360
412 360
426 360
434 360
442 360
217 361
264 361
277 361
301 361
359 361
374 361
392 361
394 361
396 361
648 361
154 362
160 362
269 362
286 362
348 362
408 362
413 362
419 362
518 362
64 363
74 363
86 363
154 363
173 363
229 363
276 363
312 363
355 363
359 363
360 363
368 363
398 363
401 363
412 363
426 363
505 363
592 363
220 364
269 364
326 364
331 364
342 364
344 364
346 364
349 364
411 364
7 365
303 365
318 365
341 365
370 365
388 365
425 365
436 365
586 365
80 366
126 366
132 366
204 366
266 366
284 366
288 366
292 366
296 366
298 366
316 366
425 366
437 366
38 367
220 367
228 367
229 367
232 367
291 367
293 367
308 367
345 367
346 367
348 367
353 367
360 367
376 367
377 367
398 367
399 367
401 367
407 367
408 367
412 367
413 367
419 367
426 367
432 367
13 368
39 368
50 368
51 368
64 368
74 368
75 368
229 368
259 368
286 368
323 368
356 368
359 368
360 368
363 368
385 368
392 368
398 368
410 368
412 368
422 368
426 368
432 368
439 368
440 368
442 368
270 369
277 369
300 369
348 369
371 369
372 369
374 369
434 369
581 369
80 370
130 370
134 370
143 370
154 370
171 370
183 370
226 370
234 370
236 370
243 370
248 370
261 370
268 370
272 370
287 370
317 370
329 370
330 370
357 370
365 370
415 370
417 370
420 370
421 370
425 370
521 370
565 370
569 370
575 370
586 370
643 370
645 370
4 371
15 371
80 371
122 371
250 371
369 371
372 371
418 371
424 371
154 372
164 372
170 372
227 372
241 372
264 372
277 372
300 372
331 372
350 372
354 372
357 372
369 372
371 372
374 372
378 372
392 372
394 372
439 372
440 372
569 372
223 373
249 373
319 373
352 373
380 373
390 373
391 373
403 373
440 373
571 373
2 374
67 374
138 374
241 374
247 374
259 374
264 374
268 374
276 374
277 374
278 374
361 374
369 374
372 374
392 374
394 374
400 374
417 374
419 374
434 374
240 375
260 375
291 375
332 375
359 375
376 375
392 375
398 375
401 375
434 375
575 375
225 376
240 376
260 376
275 376
291 376
310 376
332 376
335 376
367 376
375 376
396 376
399 376
439 376
53 377
66 377
152 377
285 377
306 377
367 377
394 377
395 377
396 377
401 377
426 377
432 377
608 377
249 378
331 378
348 378
360 378
372 378
381 378
390 378
402 378
405 378
177 379
237 379
269 379
331 379
342 379
347 379
349 379
358 379
380 379
435 379
138 380
217 380
223 380
249 380
301 380
319 380
348 380
352 380
373 380
379 380
381 380
400 380
402 380
405 380
431 380
441 380
132 381
220 381
223 381
294 381
348 381
349 381
352 381
378 381
380 381
400 381
402 381
405 381
412 381
513 381
524 381
567 381
229 382
236 382
244 382
247 382
299 382
303 382
341 382
388 382
400 382
427 382
586 382
609 382
47 383
93 383
105 383
244 383
297 383
299 383
349 383
359 383
422 383
593 383
2 384
227 384
237 384
257 384
269 384
274 384
297 384
315 384
346 384
351 384
353 384
403 384
39 385
64 385
74 385
143 385
194 385
247 385
278 385
285 385
286 385
351 385
358 385
368 385
410 385
412 385
434 385
442 385
222 386
230 386
232 386
254 386
256 386
279 386
281 386
322 386
331 386
336 386
345 386
358 386
389 386
420 386
421 386
6 387
11 387
37 387
238 387
244 387
259 387
323 387
410 387
430 387
442 387
515 387
517 387
559 387
639 387
152 388
230 388
233 388
236 388
248 388
260 388
261 388
265 388
303 388
314 388
338 388
341 388
365 388
382 388
389 388
400 388
436 388
586 388
200 389
230 389
234 389
253 389
281 389
302 389
314 389
322 389
386 389
388 389
400 389
416 389
429 389
435 389
223 390
249 390
262 390
301 390
319 390
336 390
343 390
348 390
352 390
359 390
373 390
378 390
391 390
433 390
440 390
524 390
592 390
223 391
249 391
319 391
348 391
352 391
373 391
390 391
401 391
433 391
440 391
264 392
277 392
331 392
341 392
361 392
368 392
372 392
374 392
375 392
394 392
440 392
149 393
259 393
331 393
348 393
353 393
359 393
401 393
402 393
403 393
405 393
440 393
513 393
4 394
247 394
264 394
277 394
361 394
372 394
374 394
377 394
392 394
395 394
433 394
434 394
61 395
94 395
104 395
226 395
323 395
377 395
394 395
396 395
645 395
217 396
226 396
251 396
301 396
304 396
323 396
328 396
335 396
361 396
376 396
377 396
395 396
401 396
459 396
655 396
138 397
217 397
222 397
232 397
236 397
273 397
279 397
298 397
323 397
421 397
423 397
442 397
645 397
13 398
39 398
50 398
51 398
64 398
74 398
229 398
262 398
356 398
359 398
360 398
363 398
367 398
368 398
375 398
401 398
410 398
412 398
426 398
432 398
439 398
442 398
81 399
177 399
259 399
275 399
310 399
327 399
334 399
335 399
367 399
376 399
412 399
439 399
247 400
277 400
281 400
303 400
309 400
322 400
374 400
380 400
381 400
382 400
388 400
389 400
446 400
586 400
38 401
176 401
249 401
291 401
293 401
301 401
308 401
323 401
331 401
348 401
352 401
358 401
359 401
360 401
363 401
367 401
375 401
377 401
391 401
393 401
396 401
398 401
402 401
403 401
407 401
409 401
412 401
426 401
432 401
433 401
440 401
513 401
220 402
262 402
301 402
331 402
348 402
349 402
352 402
378 402
380 402
381 402
393 402
401 402
440 402
230 403
249 403
262 403
275 403
291 403
293 403
296 403
301 403
308 403
319 403
331 403
336 403
339 403
345 403
348 403
351 403
353 403
373 403
384 403
393 403
401 403
414 403
426 403
83 404
90 404
163 404
181 404
245 404
260 404
526 404
625 404
665 404
132 405
221 405
223 405
294 405
331 405
345 405
348 405
349 405
350 405
352 405
378 405
380 405
381 405
393 405
437 405
441 405
513 405
593 405
38 406
81 406
94 406
109 406
269 406
314 406
331 406
341 406
408 406
428 406
110 407
220 407
228 407
331 407
346 407
348 407
355 407
356 407
358 407
367 407
401 407
431 407
38 408
220 408
228 408
269 408
348 408
362 408
367 408
406 408
409 408
411 408
413 408
428 408
431 408
432 408
38 409
53 409
66 409
228 409
348 409
401 409
408 409
410 409
411 409
412 409
426 409
513 409
6 410
39 410
74 410
304 410
368 410
385 410
387 410
398 410
409 410
442 410
38 411
220 411
228 411
237 411
269 411
308 411
331 411
346 411
349 411
364 411
408 411
409 411
419 411
432 411
74 412
75 412
229 412
276 412
286 412
359 412
360 412
363 412
367 412
368 412
381 412
385 412
398 412
399 412
401 412
409 412
426 412
513 412
4 413
60 413
228 413
269 413
285 413
346 413
348 413
362 413
367 413
408 413
438 413
218 414
221 414
225 414
230 414
250 414
263 414
275 414
276 414
318 414
343 414
346 414
351 414
353 414
356 414
403 414
423 414
439 414
234 415
235 415
240 415
256 415
267 415
270 415
271 415
302 415
304 415
313 415
314 415
317 415
325 415
329 415
330 415
332 415
338 415
340 415
370 415
421 415
425 415
428 415
430 415
435 415
3 416
63 416
235 416
300 416
318 416
322 416
325 416
328 416
337 416
389 416
218 417
261 417
263 417
304 417
321 417
338 417
370 417
374 417
586 417
15 418
20 418
35 418
56 418
80 418
229 418
261 418
288 418
292 418
371 418
424 418
610 418
654 418
49 419
53 419
69 419
133 419
268 419
277 419
285 419
348 419
362 419
367 419
374 419
411 419
216 420
226 420
230 420
243 420
253 420
254 420
255 420
256 420
266 420
288 420
292 420
296 420
311 420
313 420
316 420
321 420
324 420
370 420
386 420
421 420
429 420
437 420
99 421
152 421
226 421
232 421
234 421
243 421
252 421
253 421
255 421
256 421
311 421
313 421
329 421
332 421
370 421
386 421
397 421
415 421
420 421
429 421
46 422
74 422
162 422
164 422
272 422
299 422
355 422
356 422
368 422
383 422
442 422
457 422
542 422
565 422
648 422
666 422
129 423
221 423
263 423
276 423
282 423
283 423
298 423
356 423
397 423
414 423
427 423
20 424
53 424
122 424
250 424
282 424
318 424
371 424
418 424
521 424
226 425
234 425
251 425
258 425
317 425
321 425
325 425
329 425
333 425
365 425
366 425
370 425
415 425
460 425
554 425
13 426
39 426
53 426
229 426
293 426
346 426
347 426
360 426
363 426
367 426
368 426
377 426
398 426
401 426
403 426
409 426
412 426
432 426
442 426
81 427
94 427
98 427
272 427
283 427
299 427
335 427
382 427
423 427
530 427
554 427
576 427
613 427
665 427
3 428
20 428
25 428
27 428
38 428
122 428
193 428
218 428
228 428
261 428
314 428
320 428
325 428
329 428
406 428
408 428
415 428
75 429
137 429
232 429
253 429
258 429
265 429
280 429
314 429
389 429
420 429
421 429
656 429
319 430
387 430
415 430
453 430
569 430
576 430
597 430
598 430
601 430
228 431
331 431
348 431
352 431
355 431
358 431
380 431
407 431
408 431
442 431
154 432
348 432
354 432
367 432
368 432
377 432
398 432
401 432
408 432
411 432
426 432
3 433
48 433
163 433
191 433
218 433
249 433
264 433
301 433
307 433
331 433
390 433
391 433
394 433
401 433
441 433
456 433
135 434
277 434
293 434
348 434
360 434
369 434
374 434
375 434
385 434
394 434
30 435
230 435
234 435
237 435
281 435
309 435
322 435
331 435
349 435
379 435
389 435
415 435
191 436
248 436
270 436
303 436
313 436
315 436
341 436
365 436
388 436
586 436
30 437
132 437
218 437
228 437
230 437
237 437
292 437
295 437
311 437
316 437
331 437
346 437
349 437
353 437
366 437
405 437
420 437
441 437
38 438
103 438
115 438
130 438
143 438
144 438
269 438
285 438
347 438
348 438
352 438
413 438
439 438
524 438
559 438
571 438
225 439
244 439
275 439
293 439
315 439
353 439
355 439
358 439
368 439
372 439
376 439
398 439
399 439
414 439
438 439
440 439
571 439
223 440
249 440
277 440
293 440
297 440
301 440
315 440
319 440
323 440
331 440
348 440
350 440
352 440
354 440
368 440
372 440
373 440
390 440
391 440
392 440
393 440
401 440
402 440
439 440
30 441
167 441
173 441
220 441
237 441
257 441
274 441
307 441
331 441
343 441
349 441
380 441
405 441
433 441
437 441
39 442
50 442
74 442
135 442
323 442
356 442
360 442
368 442
385 442
387 442
397 442
398 442
410 442
422 442
426 442
431 442
221 443
357 443
445 443
447 443
448 443
450 443
451 443
452 443
453 443
454 443
455 443
183 444
245 444
445 444
446 444
447 444
448 444
450 444
452 444
453 444
455 444
312 445
443 445
444 445
447 445
450 445
454 445
500 445
504 445
520 445
163 446
245 446
291 446
400 446
444 446
447 446
450 446
453 446
456 446
645 446
215 447
443 447
444 447
445 447
446 447
448 447
449 447
450 447
451 447
452 447
453 447
455 447
456 447
482 447
512 447
614 447
312 448
443 448
444 448
447 448
453 448
467 448
569 448
597 448
618 448
637 448
1 449
161 449
214 449
447 449
450 449
452 449
453 449
455 449
465 449
472 449
474 449
485 449
509 449
512 449
200 450
443 450
444 450
445 450
446 450
447 450
449 450
452 450
453 450
455 450
456 450
478 450
443 451
447 451
473 451
492 451
493 451
566 451
669 451
670 451
680 451
297 452
443 452
444 452
447 452
449 452
450 452
453 452
455 452
457 452
465 452
472 452
485 452
508 452
512 452
614 452
153 453
154 453
164 453
184 453
245 453
339 453
340 453
350 453
430 453
443 453
444 453
446 453
447 453
448 453
449 453
450 453
452 453
454 453
455 453
614 453
154 454
167 454
312 454
443 454
445 454
453 454
470 454
476 454
566 454
29 455
58 455
221 455
443 455
444 455
447 455
449 455
450 455
452 455
453 455
472 455
506 455
508 455
511 455
194 456
255 456
291 456
307 456
330 456
333 456
433 456
446 456
447 456
450 456
4 457
57 457
68 457
100 457
103 457
105 457
422 457
452 457
501 457
459 458
462 458
465 458
470 458
472 458
479 458
499 458
505 458
565 458
304 459
396 459
458 459
470 459
472 459
473 459
475 459
477 459
506 459
77 460
425 460
467 460
469 460
543 460
564 460
641 460
642 460
685 460
54 461
61 461
77 461
84 461
103 461
286 461
462 461
464 461
467 461
640 461
4 462
55 462
58 462
59 462
220 462
458 462
461 462
464 462
471 462
466 463
467 463
469 463
475 463
483 463
485 463
489 463
491 463
492 463
494 463
510 463
543 463
576 463
599 463
628 463
641 463
642 463
685 463
61 464
312 464
461 464
462 464
465 464
467 464
471 464
520 464
566 464
142 465
449 465
452 465
458 465
464 465
470 465
471 465
472 465
509 465
566 465
196 466
337 466
463 466
469 466
491 466
495 466
540 466
582 466
643 466
54 467
173 467
448 467
460 467
461 467
463 467
464 467
468 467
478 467
483 467
485 467
488 467
566 467
582 467
641 467
685 467
255 468
296 468
313 468
467 468
469 468
470 468
472 468
484 468
625 468
198 469
309 469
460 469
463 469
466 469
468 469
489 469
532 469
566 469
599 469
641 469
685 469
77 470
454 470
458 470
459 470
465 470
468 470
472 470
473 470
477 470
503 470
54 471
61 471
84 471
118 471
183 471
229 471
270 471
462 471
464 471
465 471
500 471
449 472
452 472
455 472
458 472
459 472
465 472
468 472
470 472
479 472
503 472
451 473
459 473
470 473
474 473
476 473
477 473
479 473
503 473
505 473
510 473
449 474
473 474
476 474
477 474
479 474
486 474
496 474
503 474
505 474
511 474
164 475
459 475
463 475
480 475
485 475
489 475
490 475
495 475
507 475
543 475
606 475
685 475
454 476
473 476
474 476
477 476
479 476
481 476
486 476
496 476
503 476
505 476
248 477
459 477
470 477
473 477
474 477
476 477
479 477
481 477
486 477
487 477
501 477
505 477
507 477
510 477
4 478
153 478
450 478
467 478
488 478
549 478
562 478
573 478
576 478
641 478
458 479
472 479
473 479
474 479
476 479
477 479
481 479
486 479
496 479
503 479
505 479
506 479
475 480
482 480
486 480
488 480
489 480
499 480
501 480
502 480
507 480
476 481
477 481
479 481
482 481
485 481
486 481
487 481
497 481
507 481
508 481
509 481
614 481
447 482
480 482
481 482
484 482
485 482
486 482
488 482
490 482
491 482
492 482
493 482
495 482
496 482
497 482
498 482
499 482
502 482
503 482
504 482
506 482
512 482
463 483
467 483
484 483
488 483
494 483
495 483
557 483
566 483
582 483
468 484
482 484
483 484
485 484
486 484
491 484
492 484
493 484
495 484
498 484
499 484
501 484
503 484
449 485
452 485
463 485
467 485
475 485
481 485
482 485
484 485
486 485
490 485
491 485
492 485
493 485
495 485
498 485
499 485
502 485
611 485
238 486
474 486
476 486
477 486
479 486
480 486
481 486
482 486
484 486
485 486
487 486
488 486
491 486
495 486
496 486
505 486
506 486
507 486
89 487
92 487
105 487
477 487
481 487
486 487
506 487
507 487
580 487
467 488
478 488
480 488
482 488
483 488
486 488
490 488
492 488
495 488
498 488
503 488
504 488
506 488
59 489
193 489
463 489
469 489
475 489
480 489
491 489
497 489
510 489
532 489
541 489
543 489
558 489
566 489
569 489
599 489
642 489
685 489
475 490
482 490
485 490
488 490
492 490
493 490
495 490
497 490
498 490
501 490
502 490
503 490
504 490
566 490
59 491
333 491
463 491
466 491
482 491
484 491
485 491
486 491
489 491
495 491
497 491
499 491
507 491
541 491
451 492
463 492
482 492
484 492
485 492
488 492
490 492
495 492
498 492
566 492
219 493
273 493
451 493
482 493
484 493
485 493
490 493
495 493
498 493
499 493
501 493
504 493
136 494
176 494
463 494
483 494
496 494
499 494
502 494
507 494
508 494
509 494
641 494
685 494
136 495
466 495
475 495
482 495
483 495
484 495
485 495
486 495
488 495
490 495
491 495
492 495
493 495
498 495
499 495
502 495
506 495
8 496
474 496
476 496
479 496
482 496
486 496
494 496
502 496
503 496
504 496
31 497
481 497
482 497
489 497
490 497
491 497
498 497
499 497
504 497
508 497
509 497
194 498
238 498
482 498
484 498
485 498
488 498
490 498
492 498
493 498
495 498
497 498
499 498
504 498
144 499
458 499
480 499
482 499
484 499
485 499
491 499
493 499
494 499
495 499
497 499
498 499
501 499
502 499
505 499
507 499
61 500
138 500
158 500
220 500
276 500
289 500
445 500
471 500
520 500
576 500
582 500
641 500
645 500
457 501
477 501
480 501
484 501
490 501
493 501
499 501
502 501
504 501
507 501
480 502
482 502
485 502
490 502
494 502
495 502
496 502
499 502
501 502
503 502
504 502
569 502
685 502
470 503
472 503
473 503
474 503
476 503
479 503
482 503
484 503
488 503
490 503
496 503
502 503
504 503
505 503
506 503
312 504
445 504
482 504
488 504
490 504
493 504
496 504
497 504
498 504
501 504
502 504
503 504
506 504
363 505
458 505
473 505
474 505
476 505
477 505
479 505
486 505
499 505
503 505
455 506
459 506
479 506
482 506
486 506
487 506
488 506
495 506
503 506
504 506
475 507
477 507
480 507
481 507
486 507
487 507
491 507
494 507
499 507
501 507
214 508
452 508
455 508
481 508
494 508
497 508
509 508
511 508
512 508
154 509
176 509
183 509
449 509
465 509
481 509
494 509
497 509
508 509
510 509
511 509
512 509
565 509
463 510
473 510
477 510
489 510
509 510
511 510
512 510
579 510
628 510
640 510
62 511
176 511
193 511
455 511
474 511
508 511
509 511
510 511
543 511
628 511
642 511
685 511
183 512
194 512
244 512
447 512
449 512
452 512
482 512
508 512
509 512
510 512
569 512
259 513
349 513
352 513
381 513
393 513
401 513
405 513
409 513
412 513
63 514
116 514
158 514
160 514
562 514
573 514
574 514
576 514
600 514
618 514
624 514
640 514
646 514
656 514
663 514
6 515
67 515
183 515
274 515
387 515
591 515
602 515
609 515
646 515
679 515
683 515
528 516
546 516
557 516
560 516
574 516
577 516
635 516
647 516
659 516
671 516
106 517
151 517
155 517
165 517
166 517
387 517
598 517
608 517
610 517
633 517
656 517
662 517
674 517
679 517
681 517
362 518
524 518
539 518
544 518
545 518
549 518
567 518
576 518
581 518
585 518
634 518
99 519
350 519
533 519
550 519
591 519
620 519
646 519
659 519
660 519
672 519
172 520
312 520
445 520
464 520
500 520
544 520
562 520
563 520
592 520
641 520
656 520
287 521
309 521
370 521
424 521
523 521
563 521
575 521
585 521
645 521
666 521
667 521
24 522
527 522
528 522
531 522
548 522
551 522
593 522
605 522
614 522
647 522
650 522
670 522
671 522
674 522
676 522
678 522
309 523
521 523
530 523
563 523
585 523
633 523
634 523
645 523
654 523
660 523
666 523
667 523
683 523
144 524
172 524
224 524
231 524
305 524
324 524
381 524
390 524
438 524
518 524
549 524
581 524
592 524
645 524
136 525
156 525
160 525
180 525
181 525
182 525
188 525
192 525
202 525
528 525
541 525
557 525
560 525
574 525
582 525
600 525
617 525
633 525
647 525
649 525
674 525
679 525
58 526
254 526
265 526
266 526
295 526
311 526
404 526
619 526
654 526
684 526
522 527
528 527
529 527
531 527
546 527
555 527
589 527
594 527
596 527
603 527
607 527
613 527
618 527
623 527
647 527
650 527
652 527
653 527
676 527
677 527
24 528
151 528
155 528
156 528
160 528
168 528
178 528
181 528
182 528
188 528
190 528
192 528
516 528
522 528
525 528
527 528
529 528
531 528
546 528
551 528
582 528
589 528
594 528
596 528
600 528
607 528
617 528
633 528
638 528
647 528
649 528
653 528
655 528
670 528
671 528
673 528
674 528
676 528
678 528
679 528
681 528
527 529
528 529
557 529
600 529
647 529
649 529
653 529
674 529
677 529
681 529
427 530
523 530
549 530
555 530
576 530
585 530
613 530
617 530
669 530
676 530
680 530
24 531
522 531
527 531
528 531
546 531
551 531
587 531
594 531
596 531
605 531
607 531
623 531
647 531
670 531
671 531
673 531
674 531
675 531
676 531
678 531
193 532
469 532
489 532
536 532
543 532
547 532
553 532
554 532
558 532
561 532
564 532
569 532
570 532
584 532
587 532
599 532
606 532
612 532
621 532
625 532
628 532
630 532
641 532
642 532
658 532
664 532
682 532
685 532
7 533
106 533
116 533
289 533
304 533
519 533
565 533
602 533
605 533
672 533
48 534
62 534
96 534
249 534
540 534
579 534
583 534
634 534
638 534
650 534
555 535
595 535
597 535
620 535
634 535
640 535
645 535
661 535
678 535
7 536
16 536
58 536
73 536
532 536
543 536
554 536
592 536
621 536
641 536
642 536
658 536
682 536
685 536
43 537
543 537
568 537
572 537
579 537
580 537
584 537
588 537
642 537
658 537
664 537
67 538
552 538
620 538
645 538
652 538
656 538
667 538
670 538
676 538
680 538
23 539
161 539
187 539
203 539
207 539
209 539
518 539
544 539
545 539
567 539
581 539
154 540
159 540
168 540
466 540
534 540
549 540
579 540
638 540
643 540
681 540
71 541
160 541
179 541
180 541
188 541
489 541
491 541
525 541
679 541
684 541
46 542
422 542
570 542
590 542
630 542
631 542
636 542
644 542
685 542
193 543
460 543
463 543
475 543
489 543
511 543
532 543
536 543
537 543
547 543
553 543
554 543
558 543
561 543
564 543
570 543
571 543
580 543
584 543
587 543
599 543
606 543
612 543
621 543
625 543
628 543
629 543
630 543
641 543
642 543
652 543
658 543
664 543
675 543
682 543
685 543
518 544
520 544
539 544
545 544
549 544
567 544
597 544
643 544
650 544
96 545
134 545
154 545
268 545
518 545
539 545
544 545
549 545
567 545
581 545
24 546
516 546
527 546
528 546
531 546
551 546
587 546
592 546
594 546
596 546
603 546
605 546
607 546
623 546
639 546
640 546
647 546
650 546
671 546
673 546
677 546
532 547
543 547
554 547
571 547
599 547
606 547
612 547
625 547
628 547
642 547
646 547
658 547
685 547
243 548
263 548
522 548
550 548
578 548
591 548
597 548
602 548
616 548
626 548
650 548
46 549
70 549
86 549
94 549
98 549
117 549
153 549
163 549
191 549
357 549
478 549
518 549
524 549
530 549
540 549
544 549
545 549
567 549
597 549
613 549
643 549
665 549
666 549
519 550
548 550
597 550
616 550
620 550
626 550
637 550
652 550
660 550
661 550
667 550
672 550
4 551
312 551
522 551
528 551
531 551
546 551
587 551
647 551
670 551
671 551
674 551
62 552
143 552
168 552
171 552
183 552
340 552
538 552
563 552
565 552
583 552
590 552
640 552
645 552
660 552
665 552
681 552
532 553
543 553
558 553
564 553
580 553
599 553
621 553
642 553
664 553
685 553
425 554
427 554
532 554
536 554
543 554
547 554
625 554
642 554
685 554
21 555
286 555
527 555
530 555
535 555
578 555
595 555
620 555
623 555
636 555
661 555
142 556
148 556
197 556
200 556
208 556
210 556
561 556
611 556
628 556
644 556
483 557
516 557
525 557
529 557
560 557
577 557
582 557
653 557
664 557
681 557
193 558
489 558
532 558
543 558
553 558
561 558
564 558
580 558
599 558
612 558
621 558
625 558
642 558
664 558
682 558
685 558
2 559
3 559
6 559
18 559
40 559
52 559
98 559
103 559
183 559
238 559
272 559
285 559
387 559
438 559
116 560
516 560
525 560
557 560
574 560
577 560
600 560
618 560
629 560
637 560
663 560
669 560
198 561
532 561
543 561
556 561
558 561
599 561
612 561
621 561
628 561
642 561
685 561
116 562
160 562
208 562
478 562
514 562
520 562
573 562
574 562
596 562
616 562
619 562
622 562
640 562
656 562
663 562
520 563
521 563
523 563
552 563
585 563
660 563
666 563
667 563
683 563
684 563
460 564
532 564
543 564
553 564
558 564
569 564
599 564
621 564
642 564
685 564
130 565
183 565
243 565
278 565
370 565
422 565
458 565
509 565
533 565
552 565
578 565
666 565
73 566
208 566
451 566
454 566
464 566
465 566
467 566
469 566
483 566
489 566
490 566
492 566
572 566
616 566
628 566
640 566
641 566
130 567
284 567
381 567
518 567
539 567
544 567
545 567
549 567
586 567
9 568
105 568
176 568
537 568
572 568
584 568
588 568
601 568
629 568
641 568
658 568
664 568
154 569
354 569
370 569
372 569
430 569
448 569
489 569
502 569
512 569
532 569
564 569
573 569
666 569
685 569
532 570
542 570
543 570
630 570
631 570
641 570
642 570
646 570
685 570
194 571
259 571
319 571
350 571
373 571
438 571
439 571
543 571
547 571
606 571
642 571
685 571
537 572
566 572
568 572
579 572
584 572
587 572
629 572
658 572
664 572
91 573
478 573
514 573
562 573
569 573
601 573
626 573
640 573
666 573
32 574
57 574
116 574
514 574
516 574
525 574
560 574
562 574
577 574
579 574
588 574
598 574
600 574
601 574
622 574
626 574
629 574
637 574
639 574
640 574
656 574
662 574
663 574
680 574
65 575
279 575
332 575
354 575
370 575
375 575
521 575
585 575
608 575
667 575
94 576
158 576
163 576
171 576
191 576
282 576
427 576
430 576
463 576
478 576
500 576
514 576
518 576
530 576
585 576
601 576
604 576
613 576
629 576
631 576
636 576
641 576
645 576
652 576
663 576
665 576
685 576
11 577
516 577
557 577
560 577
574 577
615 577
632 577
635 577
649 577
671 577
243 578
548 578
555 578
565 578
591 578
614 578
619 578
636 578
661 578
62 579
159 579
510 579
534 579
537 579
540 579
572 579
574 579
611 579
621 579
638 579
641 579
648 579
685 579
89 580
105 580
487 580
537 580
543 580
553 580
558 580
629 580
664 580
685 580
29 581
265 581
343 581
369 581
518 581
524 581
539 581
545 581
594 581
1 582
181 582
466 582
467 582
483 582
500 582
525 582
528 582
557 582
589 582
600 582
606 582
636 582
641 582
647 582
649 582
664 582
674 582
681 582
62 583
111 583
534 583
552 583
618 583
640 583
645 583
656 583
657 583
679 583
532 584
537 584
543 584
568 584
572 584
628 584
642 584
658 584
664 584
4 585
239 585
518 585
521 585
523 585
530 585
563 585
575 585
576 585
589 585
593 585
597 585
613 585
616 585
634 585
657 585
660 585
665 585
683 585
684 585
191 586
233 586
236 586
303 586
309 586
338 586
341 586
365 586
370 586
382 586
388 586
400 586
417 586
436 586
567 586
608 586
609 586
24 587
28 587
48 587
78 587
104 587
111 587
119 587
531 587
532 587
543 587
546 587
551 587
572 587
607 587
642 587
650 587
664 587
671 587
675 587
84 588
170 588
537 588
568 588
574 588
598 588
621 588
629 588
656 588
662 588
681 588
138 589
527 589
528 589
582 589
585 589
590 589
594 589
613 589
623 589
626 589
647 589
657 589
674 589
678 589
46 590
133 590
146 590
165 590
190 590
243 590
278 590
354 590
542 590
552 590
589 590
592 590
629 590
656 590
60 591
85 591
515 591
519 591
548 591
578 591
597 591
606 591
648 591
650 591
672 591
363 592
390 592
520 592
524 592
536 592
546 592
590 592
594 592
682 592
63 593
118 593
149 593
170 593
284 593
383 593
405 593
522 593
585 593
527 594
528 594
531 594
546 594
581 594
589 594
592 594
596 594
603 594
607 594
647 594
674 594
677 594
223 595
535 595
555 595
604 595
620 595
623 595
661 595
677 595
678 595
116 596
527 596
528 596
531 596
546 596
562 596
594 596
600 596
603 596
607 596
613 596
623 596
624 596
627 596
637 596
640 596
647 596
648 596
655 596
657 596
671 596
673 596
677 596
681 596
430 597
448 597
535 597
544 597
548 597
549 597
550 597
585 597
591 597
598 597
604 597
609 597
613 597
616 597
626 597
652 597
659 597
665 597
165 598
166 598
170 598
430 598
517 598
574 598
588 598
597 598
601 598
610 598
629 598
656 598
662 598
670 598
681 598
193 599
198 599
463 599
469 599
489 599
532 599
543 599
547 599
553 599
558 599
561 599
564 599
612 599
625 599
628 599
636 599
641 599
642 599
658 599
664 599
682 599
685 599
514 600
525 600
528 600
529 600
560 600
574 600
582 600
596 600
601 600
615 600
629 600
631 600
632 600
647 600
653 600
659 600
674 600
163 601
430 601
568 601
573 601
574 601
576 601
598 601
600 601
605 601
613 601
626 601
629 601
645 601
665 601
43 602
85 602
129 602
515 602
533 602
548 602
610 602
634 602
639 602
527 603
546 603
594 603
596 603
607 603
613 603
623 603
677 603
678 603
163 604
223 604
576 604
595 604
597 604
616 604
645 604
663 604
665 604
268 605
522 605
531 605
533 605
546 605
601 605
650 605
659 605
674 605
48 606
339 606
475 606
532 606
543 606
547 606
571 606
582 606
591 606
642 606
664 606
685 606
527 607
528 607
531 607
546 607
587 607
594 607
596 607
603 607
623 607
647 607
673 607
674 607
677 607
678 607
89 608
120 608
128 608
377 608
517 608
575 608
586 608
645 608
685 608
142 609
160 609
219 609
286 609
382 609
515 609
586 609
597 609
667 609
418 610
517 610
598 610
602 610
639 610
656 610
662 610
669 610
670 610
681 610
70 611
485 611
556 611
579 611
628 611
636 611
651 611
674 611
683 611
532 612
543 612
547 612
558 612
561 612
599 612
641 612
642 612
658 612
682 612
685 612
94 613
136 613
163 613
282 613
427 613
527 613
530 613
549 613
576 613
585 613
589 613
596 613
597 613
601 613
603 613
623 613
657 613
663 613
677 613
678 613
3 614
115 614
174 614
289 614
447 614
452 614
453 614
481 614
522 614
578 614
11 615
167 615
577 615
600 615
632 615
635 615
637 615
649 615
651 615
548 616
550 616
562 616
566 616
585 616
597 616
604 616
626 616
640 616
160 617
181 617
188 617
192 617
202 617
299 617
309 617
525 617
528 617
530 617
633 617
637 617
638 617
647 617
649 617
657 617
669 617
679 617
680 617
67 618
158 618
448 618
514 618
527 618
560 618
583 618
633 618
637 618
652 618
680 618
91 619
130 619
526 619
562 619
578 619
637 619
654 619
659 619
684 619
519 620
535 620
538 620
550 620
555 620
595 620
623 620
645 620
661 620
672 620
532 621
536 621
543 621
553 621
558 621
561 621
564 621
579 621
588 621
641 621
642 621
658 621
681 621
685 621
35 622
71 622
116 622
127 622
278 622
562 622
574 622
650 622
663 622
527 623
531 623
546 623
555 623
589 623
595 623
596 623
603 623
607 623
613 623
620 623
657 623
673 623
677 623
4 624
116 624
126 624
233 624
342 624
514 624
596 624
651 624
663 624
404 625
468 625
532 625
543 625
547 625
554 625
558 625
599 625
642 625
658 625
685 625
109 626
279 626
548 626
550 626
573 626
574 626
589 626
597 626
601 626
616 626
627 626
637 626
656 626
676 626
679 626
151 627
155 627
188 627
202 627
596 627
626 627
631 627
668 627
679 627
463 628
510 628
511 628
532 628
543 628
547 628
556 628
561 628
566 628
584 628
599 628
611 628
642 628
685 628
543 629
560 629
568 629
572 629
574 629
576 629
580 629
588 629
590 629
598 629
600 629
601 629
631 629
642 629
655 629
681 629
532 630
542 630
543 630
570 630
631 630
641 630
642 630
646 630
685 630
542 631
570 631
576 631
600 631
627 631
629 631
630 631
644 631
655 631
681 631
11 632
167 632
577 632
600 632
615 632
635 632
637 632
649 632
651 632
67 633
188 633
219 633
283 633
517 633
523 633
525 633
528 633
617 633
618 633
647 633
674 633
676 633
679 633
96 634
230 634
275 634
300 634
518 634
523 634
534 634
535 634
585 634
602 634
645 634
661 634
11 635
164 635
516 635
577 635
615 635
632 635
637 635
640 635
649 635
651 635
659 635
661 635
542 636
555 636
576 636
578 636
582 636
599 636
611 636
641 636
646 636
651 636
661 636
681 636
67 637
448 637
550 637
560 637
574 637
596 637
615 637
617 637
618 637
619 637
626 637
632 637
635 637
656 637
676 637
679 637
680 637
159 638
168 638
174 638
528 638
534 638
540 638
579 638
617 638
647 638
674 638
681 638
1 639
6 639
387 639
546 639
574 639
602 639
610 639
656 639
663 639
669 639
679 639
11 640
116 640
185 640
461 640
510 640
514 640
535 640
546 640
552 640
562 640
566 640
573 640
574 640
583 640
596 640
616 640
635 640
648 640
138 641
150 641
176 641
198 641
460 641
463 641
467 641
469 641
478 641
494 641
500 641
520 641
532 641
536 641
543 641
566 641
568 641
570 641
576 641
579 641
582 641
599 641
612 641
621 641
630 641
636 641
642 641
685 641
193 642
460 642
463 642
489 642
511 642
532 642
536 642
537 642
543 642
547 642
553 642
554 642
558 642
561 642
564 642
570 642
571 642
584 642
587 642
599 642
606 642
612 642
621 642
625 642
628 642
629 642
630 642
641 642
652 642
658 642
675 642
682 642
685 642
4 643
46 643
182 643
184 643
191 643
357 643
370 643
466 643
540 643
544 643
549 643
142 644
146 644
197 644
200 644
206 644
208 644
210 644
211 644
213 644
542 644
556 644
631 644
655 644
82 645
163 645
171 645
172 645
222 645
227 645
260 645
268 645
282 645
298 645
339 645
340 645
370 645
395 645
397 645
446 645
500 645
521 645
523 645
524 645
535 645
538 645
552 645
576 645
583 645
601 645
604 645
608 645
620 645
634 645
652 645
666 645
514 646
515 646
519 646
547 646
570 646
630 646
636 646
659 646
672 646
685 646
24 647
151 647
155 647
156 647
160 647
182 647
188 647
190 647
516 647
522 647
525 647
527 647
528 647
529 647
531 647
546 647
551 647
582 647
589 647
594 647
596 647
600 647
607 647
617 647
633 647
638 647
649 647
653 647
670 647
671 647
673 647
674 647
676 647
679 647
159 648
361 648
422 648
579 648
591 648
596 648
640 648
650 648
666 648
78 649
202 649
525 649
528 649
529 649
577 649
582 649
615 649
617 649
632 649
635 649
647 649
653 649
24 650
62 650
522 650
527 650
534 650
544 650
546 650
548 650
587 650
591 650
605 650
622 650
648 650
670 650
676 650
678 650
11 651
611 651
615 651
624 651
632 651
635 651
636 651
659 651
674 651
681 651
683 651
527 652
538 652
543 652
550 652
576 652
597 652
618 652
642 652
645 652
676 652
527 653
528 653
529 653
557 653
600 653
647 653
649 653
674 653
677 653
681 653
20 654
55 654
234 654
306 654
329 654
418 654
523 654
526 654
619 654
684 654
91 655
304 655
337 655
396 655
528 655
596 655
629 655
631 655
644 655
681 655
165 656
166 656
172 656
253 656
429 656
514 656
517 656
520 656
538 656
562 656
574 656
583 656
588 656
590 656
598 656
610 656
626 656
637 656
639 656
662 656
670 656
679 656
680 656
67 657
583 657
585 657
589 657
596 657
613 657
617 657
623 657
673 657
677 657
532 658
536 658
537 658
543 658
547 658
568 658
572 658
584 658
599 658
612 658
621 658
625 658
642 658
664 658
685 658
62 659
516 659
519 659
597 659
600 659
605 659
619 659
635 659
646 659
651 659
672 659
62 660
519 660
523 660
550 660
552 660
563 660
585 660
668 660
672 660
683 660
684 660
535 661
550 661
555 661
578 661
595 661
620 661
634 661
635 661
636 661
153 662
165 662
166 662
170 662
517 662
574 662
588 662
598 662
610 662
656 662
670 662
681 662
56 663
94 663
116 663
129 663
163 663
282 663
514 663
560 663
562 663
574 663
576 663
604 663
613 663
622 663
624 663
639 663
44 664
72 664
78 664
112 664
532 664
537 664
543 664
553 664
557 664
558 664
568 664
572 664
580 664
582 664
584 664
587 664
599 664
606 664
658 664
682 664
685 664
46 665
94 665
163 665
191 665
404 665
427 665
549 665
552 665
576 665
585 665
597 665
601 665
604 665
163 666
287 666
309 666
422 666
521 666
523 666
549 666
563 666
565 666
569 666
573 666
645 666
648 666
667 666
183 667
309 667
521 667
523 667
538 667
550 667
563 667
575 667
609 667
666 667
65 668
92 668
152 668
216 668
280 668
294 668
627 668
660 668
679 668
684 668
49 669
451 669
530 669
560 669
610 669
617 669
639 669
670 669
676 669
680 669
165 670
451 670
522 670
528 670
531 670
538 670
551 670
598 670
610 670
647 670
650 670
656 670
662 670
669 670
675 670
676 670
680 670
516 671
522 671
528 671
531 671
546 671
551 671
577 671
587 671
596 671
647 671
674 671
99 672
350 672
519 672
533 672
550 672
591 672
620 672
646 672
659 672
660 672
24 673
55 673
106 673
289 673
528 673
531 673
546 673
596 673
607 673
623 673
647 673
657 673
674 673
678 673
151 674
155 674
156 674
157 674
160 674
168 674
181 674
182 674
188 674
190 674
192 674
517 674
522 674
525 674
528 674
529 674
531 674
551 674
582 674
589 674
594 674
600 674
605 674
607 674
611 674
633 674
638 674
647 674
651 674
653 674
671 674
673 674
679 674
681 674
16 675
33 675
131 675
289 675
531 675
543 675
587 675
642 675
670 675
685 675
24 676
62 676
283 676
522 676
527 676
528 676
530 676
531 676
538 676
626 676
633 676
637 676
647 676
650 676
652 676
669 676
670 676
680 676
527 677
529 677
546 677
594 677
595 677
596 677
603 677
607 677
613 677
623 677
653 677
657 677
678 677
522 678
528 678
531 678
535 678
589 678
595 678
603 678
607 678
613 678
650 678
673 678
677 678
151 679
155 679
160 679
188 679
192 679
515 679
517 679
525 679
528 679
541 679
583 679
617 679
626 679
627 679
633 679
637 679
639 679
647 679
656 679
668 679
674 679
680 679
684 679
451 680
530 680
538 680
574 680
617 680
618 680
637 680
656 680
669 680
670 680
676 680
679 680
167 681
170 681
208 681
517 681
528 681
529 681
540 681
552 681
557 681
582 681
588 681
596 681
598 681
610 681
621 681
629 681
631 681
636 681
638 681
651 681
653 681
655 681
662 681
674 681
193 682
239 682
532 682
536 682
543 682
558 682
592 682
599 682
612 682
642 682
664 682
685 682
48 683
515 683
523 683
563 683
585 683
611 683
651 683
660 683
684 683
71 684
172 684
526 684
541 684
563 684
585 684
619 684
654 684
660 684
668 684
679 684
683 684
193 685
198 685
297 685
327 685
460 685
463 685
467 685
469 685
475 685
489 685
494 685
502 685
511 685
532 685
536 685
542 685
543 685
547 685
553 685
554 685
558 685
561 685
564 685
569 685
570 685
571 685
576 685
579 685
580 685
599 685
606 685
608 685
612 685
621 685
625 685
628 685
630 685
641 685
642 685
646 685
658 685
664 685
675 685
682 685
