9 1
12 1
23 1
25 1
57 1
76 1
115 1
127 1
133 1
150 1
205 1
75 2
199 2
286 2
428 2
536 2
578 2
601 2
643 2
675 2
15 3
17 3
72 3
73 3
99 3
111 3
545 3
559 3
581 3
48 4
126 4
177 4
264 4
279 4
340 4
433 4
484 4
540 4
551 4
585 4
607 4
613 4
657 4
660 4
678 4
18 5
19 5
29 5
41 5
87 5
95 5
102 5
107 5
242 5
416 5
668 5
7 6
33 6
46 6
82 6
85 6
94 6
125 6
492 6
650 6
6 7
73 7
87 7
92 7
95 7
114 7
132 7
146 7
194 7
515 7
26 8
28 8
52 8
81 8
84 8
95 8
104 8
112 8
198 8
479 8
496 8
1 9
25 9
36 9
55 9
73 9
82 9
93 9
121 9
131 9
637 9
13 10
14 10
21 10
22 10
42 10
44 10
68 10
69 10
72 10
82 10
91 10
110 10
112 10
120 10
123 10
133 10
35 11
47 11
124 11
157 11
493 11
566 11
599 11
635 11
651 11
652 11
1 12
20 12
52 12
89 12
97 12
98 12
155 12
188 12
198 12
202 12
558 12
580 12
10 13
21 13
22 13
42 13
64 13
68 13
69 13
78 13
112 13
115 13
123 13
124 13
133 13
629 13
10 14
22 14
26 14
34 14
42 14
81 14
123 14
124 14
133 14
3 15
17 15
34 15
46 15
72 15
99 15
114 15
559 15
581 15
684 15
24 16
31 16
43 16
55 16
58 16
70 16
86 16
92 16
118 16
527 16
3 17
15 17
27 17
40 17
81 17
362 17
452 17
655 17
656 17
5 18
19 18
29 18
41 18
45 18
87 18
92 18
95 18
107 18
114 18
119 18
675 18
5 19
18 19
41 19
73 19
102 19
107 19
113 19
162 19
294 19
524 19
12 20
21 20
34 20
51 20
79 20
97 20
261 20
284 20
424 20
10 21
13 21
20 21
22 21
26 21
27 21
28 21
42 21
51 21
68 21
69 21
81 21
97 21
112 21
127 21
133 21
220 21
10 22
13 22
14 22
21 22
38 22
124 22
133 22
426 22
447 22
1 23
25 23
33 23
57 23
83 23
105 23
110 23
127 23
129 23
16 24
121 24
129 24
522 24
531 24
551 24
587 24
648 24
653 24
674 24
677 24
682 24
1 25
9 25
23 25
35 25
37 25
47 25
118 25
127 25
268 25
629 25
8 26
14 26
21 26
27 26
28 26
37 26
69 26
81 26
83 26
110 26
112 26
113 26
120 26
123 26
220 26
352 26
575 26
17 27
21 27
26 27
28 27
37 27
69 27
81 27
83 27
110 27
113 27
120 27
123 27
220 27
352 27
8 28
21 28
26 28
27 28
37 28
42 28
81 28
83 28
84 28
112 28
268 28
5 29
18 29
30 29
41 29
92 29
95 29
107 29
114 29
367 29
29 30
60 30
230 30
251 30
306 30
310 30
331 30
351 30
364 30
366 30
487 30
524 30
627 30
16 31
55 31
58 31
70 31
73 31
74 31
92 31
118 31
131 31
427 31
37 32
57 32
76 32
86 32
91 32
110 32
116 32
143 32
164 32
278 32
363 32
6 33
23 33
37 33
46 33
52 33
57 33
61 33
72 33
75 33
103 33
110 33
119 33
121 33
14 34
15 34
20 34
42 34
49 34
69 34
78 34
97 34
123 34
268 34
284 34
297 34
443 34
526 34
605 34
684 34
11 35
25 35
47 35
115 35
116 35
124 35
127 35
197 35
387 35
553 35
601 35
614 35
622 35
629 35
640 35
9 36
62 36
73 36
92 36
104 36
114 36
129 36
131 36
445 36
25 37
26 37
27 37
28 37
32 37
33 37
44 37
57 37
83 37
91 37
110 37
113 37
116 37
120 37
123 37
164 37
220 37
635 37
22 38
39 38
49 38
69 38
80 38
97 38
123 38
124 38
228 38
286 38
407 38
428 38
38 39
45 39
49 39
53 39
64 39
66 39
111 39
124 39
142 39
278 39
286 39
428 39
17 40
43 40
96 40
105 40
114 40
183 40
283 40
339 40
545 40
559 40
581 40
5 41
18 41
19 41
29 41
92 41
95 41
102 41
107 41
114 41
332 41
385 41
10 42
13 42
14 42
21 42
28 42
34 42
51 42
69 42
88 42
97 42
123 42
124 42
133 42
16 43
40 43
48 43
74 43
90 43
95 43
104 43
114 43
126 43
129 43
132 43
134 43
136 43
198 43
285 43
305 43
534 43
10 44
37 44
83 44
93 44
113 44
115 44
123 44
133 44
202 44
18 45
39 45
58 45
74 45
85 45
86 45
87 45
90 45
92 45
107 45
675 45
6 46
15 46
33 46
58 46
63 46
74 46
101 46
114 46
292 46
11 47
25 47
35 47
109 47
116 47
202 47
614 47
622 47
640 47
642 47
4 48
43 48
132 48
183 48
235 48
254 48
305 48
416 48
441 48
457 48
34 49
38 49
39 49
64 49
66 49
122 49
123 49
228 49
232 49
233 49
286 49
321 49
406 49
407 49
428 49
432 49
673 49
51 50
74 50
78 50
102 50
114 50
360 50
363 50
367 50
401 50
412 50
414 50
419 50
422 50
20 51
21 51
42 51
50 51
69 51
78 51
79 51
100 51
321 51
8 52
12 52
33 52
98 52
103 52
118 52
132 52
188 52
396 52
453 52
39 53
64 53
66 53
241 53
286 53
406 53
427 53
534 53
683 53
59 54
61 54
75 54
77 54
84 54
88 54
103 54
121 54
318 54
467 54
471 54
9 55
16 55
31 55
58 55
73 55
93 55
131 55
526 55
620 55
637 55
265 56
326 56
331 56
344 56
351 56
357 56
366 56
400 56
402 56
405 56
1 57
23 57
32 57
33 57
37 57
58 57
76 57
86 57
110 57
127 57
16 58
31 58
45 58
46 58
55 58
57 58
73 58
74 58
86 58
92 58
104 58
107 58
114 58
131 58
136 58
54 59
60 59
103 59
232 59
445 59
462 59
464 59
467 59
471 59
492 59
30 60
59 60
61 60
108 60
115 60
124 60
130 60
147 60
232 60
248 60
279 60
285 60
310 60
387 60
413 60
454 60
471 60
512 60
553 60
554 60
33 61
54 61
60 61
77 61
84 61
88 61
141 61
144 61
162 61
384 61
36 62
63 62
158 62
175 62
215 62
219 62
239 62
245 62
246 62
266 62
327 62
519 62
589 62
597 62
598 62
602 62
644 62
672 62
46 63
62 63
82 63
101 63
111 63
271 63
365 63
464 63
567 63
13 64
39 64
49 64
53 64
66 64
241 64
367 64
412 64
427 64
74 65
94 65
104 65
109 65
114 65
131 65
134 65
244 65
294 65
575 65
39 66
49 66
53 66
64 66
80 66
85 66
125 66
217 66
232 66
287 66
413 66
586 66
109 67
190 67
273 67
589 67
593 67
613 67
633 67
656 67
657 67
665 67
685 67
10 68
13 68
21 68
69 68
112 68
123 68
124 68
308 68
409 68
10 69
13 69
21 69
26 69
27 69
34 69
38 69
42 69
51 69
68 69
101 69
123 69
262 69
16 70
31 70
75 70
86 70
94 70
117 70
131 70
676 70
685 70
82 71
98 71
100 71
108 71
111 71
114 71
216 71
339 71
565 71
3 72
10 72
15 72
33 72
83 72
89 72
99 72
112 72
418 72
3 73
7 73
9 73
19 73
31 73
36 73
55 73
58 73
92 73
93 73
99 73
118 73
131 73
320 73
526 73
530 73
637 73
673 73
31 74
43 74
45 74
46 74
50 74
58 74
65 74
75 74
94 74
95 74
111 74
114 74
127 74
129 74
134 74
136 74
495 74
679 74
2 75
33 75
54 75
70 75
74 75
76 75
79 75
93 75
118 75
121 75
428 75
601 75
1 76
32 76
57 76
75 76
86 76
94 76
110 76
123 76
591 76
54 77
61 77
82 77
95 77
101 77
115 77
119 77
178 77
202 77
223 77
238 77
418 77
463 77
471 77
584 77
13 78
34 78
50 78
51 78
97 78
123 78
273 78
284 78
316 78
358 78
20 79
51 79
75 79
94 79
124 79
406 79
428 79
431 79
536 79
609 79
38 80
66 80
100 80
122 80
124 80
188 80
250 80
428 80
624 80
8 81
14 81
17 81
21 81
26 81
27 81
28 81
112 81
555 81
575 81
6 82
9 82
10 82
63 82
71 82
77 82
111 82
112 82
120 82
349 82
433 82
584 82
23 83
26 83
27 83
28 83
37 83
44 83
72 83
112 83
120 83
123 83
128 83
220 83
8 84
28 84
54 84
61 84
88 84
121 84
237 84
392 84
437 84
6 85
45 85
66 85
119 85
122 85
125 85
225 85
229 85
287 85
369 85
403 85
418 85
536 85
590 85
16 86
32 86
45 86
57 86
58 86
70 86
76 86
103 86
107 86
114 86
5 87
7 87
18 87
45 87
88 87
90 87
92 87
102 87
107 87
114 87
42 88
54 88
61 88
84 88
87 88
104 88
121 88
297 88
315 88
12 89
72 89
128 89
143 89
155 89
188 89
198 89
202 89
517 89
558 89
563 89
580 89
586 89
43 90
45 90
87 90
92 90
104 90
114 90
129 90
534 90
545 90
10 91
32 91
37 91
110 91
113 91
116 91
124 91
164 91
190 91
396 91
7 92
16 92
18 92
29 92
31 92
36 92
41 92
45 92
58 92
73 92
87 92
90 92
95 92
102 92
107 92
114 92
119 92
9 93
44 93
55 93
73 93
75 93
104 93
131 93
299 93
320 93
333 93
575 93
6 94
65 94
70 94
74 94
76 94
79 94
111 94
114 94
134 94
364 94
679 94
5 95
7 95
8 95
18 95
29 95
41 95
43 95
74 95
77 95
92 95
102 95
107 95
114 95
129 95
513 95
40 96
105 96
245 96
265 96
283 96
365 96
545 96
559 96
581 96
12 97
20 97
21 97
34 97
38 97
42 97
78 97
100 97
123 97
202 97
356 97
12 98
52 98
71 98
100 98
117 98
132 98
268 98
285 98
362 98
413 98
3 99
15 99
72 99
73 99
108 99
111 99
124 99
125 99
363 99
559 99
581 99
51 100
71 100
80 100
97 100
98 100
129 100
132 100
285 100
287 100
413 100
46 101
63 101
69 101
77 101
112 101
114 101
217 101
232 101
350 101
5 102
19 102
41 102
50 102
87 102
92 102
95 102
107 102
114 102
359 102
33 103
52 103
54 103
59 103
86 103
121 103
265 103
471 103
492 103
534 103
585 103
8 104
36 104
43 104
58 104
65 104
88 104
90 104
93 104
105 104
106 104
109 104
112 104
114 104
129 104
134 104
471 104
536 104
545 104
575 104
619 104
23 105
40 105
96 105
104 105
114 105
134 105
299 105
383 105
534 105
545 105
104 106
109 106
178 106
327 106
431 106
438 106
517 106
536 106
647 106
5 107
18 107
19 107
29 107
41 107
45 107
58 107
86 107
87 107
92 107
95 107
102 107
60 108
71 108
99 108
124 108
129 108
157 108
183 108
238 108
307 108
387 108
416 108
548 108
47 109
65 109
67 109
104 109
106 109
124 109
162 109
214 109
471 109
10 110
23 110
26 110
27 110
32 110
33 110
37 110
57 110
76 110
91 110
113 110
164 110
3 111
39 111
63 111
71 111
74 111
82 111
94 111
99 111
114 111
457 111
523 111
618 111
8 112
10 112
13 112
21 112
26 112
28 112
68 112
72 112
81 112
82 112
83 112
101 112
104 112
126 112
133 112
19 113
26 113
27 113
37 113
44 113
91 113
110 113
220 113
238 113
580 113
7 114
15 114
18 114
29 114
36 114
40 114
41 114
43 114
46 114
50 114
58 114
65 114
71 114
74 114
86 114
87 114
90 114
92 114
94 114
95 114
101 114
102 114
104 114
105 114
111 114
129 114
134 114
360 114
534 114
545 114
585 114
1 115
13 115
35 115
44 115
60 115
77 115
123 115
124 115
202 115
265 115
312 115
553 115
643 115
32 116
35 116
37 116
47 116
91 116
202 116
558 116
588 116
622 116
70 117
98 117
132 117
171 117
263 117
418 117
624 117
653 117
659 117
16 118
25 118
31 118
52 118
73 118
75 118
272 118
396 118
555 118
18 119
33 119
77 119
85 119
92 119
261 119
289 119
425 119
675 119
10 120
26 120
27 120
37 120
82 120
83 120
220 120
410 120
643 120
9 121
24 121
33 121
54 121
75 121
84 121
88 121
103 121
618 121
49 122
80 122
85 122
140 122
229 122
263 122
267 122
278 122
416 122
418 122
428 122
673 122
10 123
13 123
14 123
26 123
27 123
34 123
37 123
38 123
42 123
44 123
49 123
68 123
69 123
76 123
78 123
83 123
97 123
115 123
124 123
133 123
206 123
286 123
352 123
428 123
512 123
11 124
13 124
14 124
22 124
35 124
38 124
39 124
42 124
60 124
68 124
79 124
80 124
91 124
99 124
108 124
109 124
115 124
123 124
137 124
157 124
183 124
265 124
286 124
309 124
325 124
338 124
352 124
386 124
387 124
428 124
471 124
493 124
512 124
544 124
548 124
553 124
554 124
563 124
566 124
567 124
599 124
652 124
6 125
66 125
85 125
99 125
229 125
287 125
326 125
344 125
366 125
549 125
4 126
43 126
112 126
127 126
178 126
551 126
613 126
640 126
657 126
1 127
21 127
23 127
25 127
35 127
57 127
74 127
126 127
565 127
574 127
631 127
640 127
83 128
89 128
133 128
206 128
237 128
255 128
369 128
448 128
468 128
23 129
24 129
36 129
43 129
74 129
90 129
95 129
100 129
104 129
108 129
114 129
282 129
413 129
534 129
545 129
60 130
132 130
285 130
413 130
550 130
560 130
574 130
591 130
619 130
684 130
9 131
31 131
36 131
55 131
58 131
65 131
70 131
73 131
93 131
265 131
526 131
616 131
637 131
7 132
43 132
48 132
52 132
98 132
100 132
117 132
130 132
206 132
284 132
285 132
287 132
326 132
331 132
344 132
364 132
403 132
413 132
458 132
565 132
600 132
609 132
1 133
10 133
13 133
14 133
21 133
22 133
42 133
44 133
112 133
123 133
128 133
188 133
197 133
202 133
633 133
669 133
43 134
65 134
74 134
94 134
104 134
105 134
114 134
194 134
536 134
139 135
149 135
150 135
172 135
184 135
197 135
204 135
205 135
343 135
43 136
58 136
74 136
137 136
142 136
450 136
452 136
516 136
534 136
124 137
136 137
197 137
201 137
258 137
454 137
532 137
554 137
606 137
142 138
150 138
158 138
173 138
205 138
206 138
213 138
246 138
448 138
542 138
609 138
135 139
149 139
150 139
172 139
199 139
200 139
204 139
205 139
207 139
209 139
210 139
273 139
122 140
150 140
190 140
195 140
205 140
208 140
216 140
278 140
511 140
61 141
144 141
148 141
166 141
169 141
189 141
196 141
199 141
200 141
204 141
209 141
210 141
211 141
212 141
214 141
39 142
136 142
138 142
149 142
150 142
205 142
207 142
209 142
213 142
492 142
495 142
32 143
89 143
147 143
324 143
528 143
555 143
610 143
636 143
647 143
670 143
61 144
141 144
148 144
166 144
169 144
189 144
196 144
199 144
200 144
209 144
210 144
211 144
214 144
148 145
161 145
166 145
169 145
187 145
189 145
207 145
210 145
214 145
7 146
149 146
150 146
165 146
197 146
203 146
205 146
207 146
211 146
430 146
542 146
60 147
143 147
152 147
343 147
351 147
371 147
384 147
634 147
680 147
141 148
144 148
145 148
149 148
161 148
166 148
169 148
170 148
180 148
187 148
189 148
196 148
209 148
210 148
212 148
214 148
354 148
539 148
135 149
139 149
142 149
146 149
148 149
150 149
165 149
169 149
172 149
197 149
199 149
200 149
203 149
204 149
205 149
207 149
208 149
209 149
210 149
211 149
212 149
213 149
214 149
215 149
216 149
1 150
135 150
138 150
139 150
140 150
142 150
146 150
149 150
165 150
172 150
197 150
199 150
203 150
204 150
205 150
206 150
207 150
208 150
209 150
211 150
213 150
216 150
155 151
157 151
160 151
174 151
185 151
202 151
529 151
563 151
593 151
633 151
674 151
147 152
167 152
183 152
193 152
195 152
216 152
227 152
371 152
607 152
676 152
175 153
362 153
466 153
468 153
484 153
488 153
500 153
566 153
599 153
642 153
685 153
162 154
180 154
185 154
340 154
483 154
488 154
562 154
599 154
633 154
12 155
89 155
151 155
188 155
198 155
202 155
525 155
580 155
600 155
633 155
159 156
160 156
178 156
180 156
181 156
182 156
190 156
194 156
529 156
541 156
582 156
617 156
633 156
674 156
11 157
108 157
124 157
151 157
159 157
162 157
174 157
184 157
185 157
500 157
553 157
566 157
643 157
62 158
138 158
184 158
219 158
290 158
307 158
335 158
337 158
397 158
399 158
462 158
519 158
598 158
622 158
672 158
156 159
157 159
160 159
174 159
178 159
182 159
529 159
638 159
674 159
151 160
156 160
159 160
179 160
181 160
182 160
188 160
190 160
529 160
541 160
582 160
593 160
617 160
633 160
674 160
145 161
148 161
166 161
169 161
170 161
180 161
184 161
187 161
189 161
195 161
214 161
539 161
19 162
61 162
109 162
154 162
157 162
177 162
184 162
185 162
188 162
234 162
285 162
317 162
452 162
453 162
455 162
611 162
668 162
173 163
176 163
193 163
246 163
265 163
308 163
327 163
400 163
408 163
495 163
562 163
598 163
622 163
680 163
32 164
37 164
91 164
110 164
169 164
173 164
349 164
364 164
558 164
146 165
149 165
150 165
205 165
206 165
207 165
210 165
493 165
627 165
141 166
144 166
145 166
148 166
161 166
168 166
169 166
170 166
187 166
189 166
194 166
196 166
201 166
203 166
208 166
214 166
517 166
539 166
152 167
168 167
171 167
173 167
174 167
190 167
246 167
253 167
396 167
517 167
528 167
598 167
609 167
610 167
647 167
656 167
676 167
166 168
167 168
174 168
190 168
192 168
499 168
552 168
557 168
577 168
643 168
141 169
144 169
145 169
148 169
149 169
161 169
164 169
166 169
180 169
190 169
192 169
200 169
208 169
210 169
539 169
148 170
161 170
166 170
173 170
208 170
289 170
371 170
445 170
489 170
117 171
167 171
246 171
259 171
263 171
370 171
418 171
546 171
608 171
653 171
659 171
135 172
139 172
149 172
150 172
199 172
205 172
213 172
215 172
248 172
320 172
138 173
163 173
164 173
167 173
170 173
190 173
192 173
208 173
246 173
273 173
480 173
151 174
157 174
159 174
167 174
168 174
176 174
177 174
179 174
180 174
185 174
186 174
190 174
192 174
488 174
556 174
62 175
153 175
176 175
180 175
252 175
290 175
327 175
335 175
542 175
599 175
608 175
163 176
174 176
175 176
177 176
178 176
383 176
426 176
535 176
612 176
4 177
162 177
174 177
176 177
180 177
186 177
187 177
208 177
379 177
77 178
106 178
126 178
156 178
159 178
176 178
182 178
227 178
346 178
478 178
160 179
174 179
180 179
194 179
252 179
289 179
317 179
327 179
365 179
148 180
154 180
156 180
161 180
169 180
174 180
175 180
177 180
179 180
182 180
185 180
186 180
187 180
189 180
195 180
212 180
444 180
468 180
539 180
567 180
156 181
160 181
182 181
187 181
189 181
529 181
582 181
617 181
674 181
156 182
159 182
160 182
178 182
180 182
181 182
190 182
529 182
541 182
582 182
593 182
617 182
674 182
40 183
48 183
108 183
124 183
152 183
195 183
234 183
283 183
325 183
135 184
157 184
158 184
161 184
162 184
185 184
187 184
188 184
622 184
151 185
154 185
157 185
162 185
174 185
180 185
184 185
186 185
195 185
280 185
174 186
177 186
180 186
185 186
187 186
194 186
195 186
420 186
453 186
145 187
148 187
161 187
166 187
177 187
180 187
181 187
184 187
186 187
189 187
195 187
209 187
210 187
214 187
354 187
449 187
539 187
643 187
12 188
52 188
80 188
89 188
133 188
155 188
160 188
162 188
184 188
202 188
453 188
529 188
580 188
674 188
141 189
144 189
145 189
148 189
161 189
166 189
180 189
181 189
187 189
195 189
210 189
214 189
354 189
449 189
453 189
539 189
67 190
91 190
140 190
156 190
160 190
167 190
168 190
169 190
173 190
174 190
182 190
192 190
195 190
201 190
208 190
511 190
529 190
541 190
552 190
554 190
617 190
674 190
193 191
469 191
514 191
532 191
547 191
580 191
606 191
621 191
685 191
168 192
169 192
173 192
174 192
190 192
201 192
301 192
390 192
430 192
520 192
557 192
577 192
643 192
665 192
152 193
163 193
191 193
327 193
408 193
469 193
492 193
621 193
685 193
7 194
134 194
156 194
166 194
179 194
186 194
195 194
197 194
317 194
425 194
140 195
152 195
161 195
180 195
183 195
185 195
186 195
187 195
189 195
190 195
194 195
141 196
144 196
148 196
166 196
201 196
204 196
209 196
210 196
214 196
35 197
133 197
135 197
137 197
146 197
149 197
150 197
194 197
203 197
205 197
209 197
216 197
321 197
325 197
669 197
8 198
12 198
43 198
89 198
155 198
202 198
208 198
542 198
599 198
2 199
139 199
141 199
144 199
149 199
150 199
172 199
206 199
207 199
210 199
211 199
215 199
139 200
141 200
144 200
149 200
169 200
204 200
207 200
213 200
215 200
137 201
166 201
190 201
192 201
196 201
204 201
208 201
210 201
425 201
454 201
517 201
12 202
44 202
47 202
77 202
89 202
97 202
115 202
116 202
133 202
151 202
155 202
188 202
198 202
418 202
525 202
529 202
580 202
584 202
633 202
649 202
674 202
146 203
149 203
150 203
166 203
197 203
205 203
207 203
209 203
213 203
215 203
448 203
135 204
139 204
141 204
149 204
150 204
196 204
200 204
201 204
205 204
209 204
210 204
211 204
212 204
215 204
1 205
135 205
138 205
139 205
140 205
142 205
146 205
149 205
150 205
165 205
172 205
197 205
203 205
204 205
206 205
207 205
208 205
209 205
211 205
213 205
215 205
216 205
123 206
128 206
132 206
138 206
150 206
165 206
199 206
205 206
298 206
458 206
139 207
142 207
145 207
146 207
149 207
150 207
165 207
199 207
200 207
203 207
205 207
209 207
210 207
211 207
215 207
140 208
149 208
150 208
166 208
169 208
170 208
173 208
177 208
190 208
198 208
201 208
205 208
517 208
553 208
567 208
631 208
139 209
141 209
142 209
144 209
148 209
149 209
150 209
187 209
196 209
197 209
203 209
204 209
205 209
207 209
210 209
215 209
448 209
139 210
141 210
144 210
145 210
148 210
149 210
165 210
169 210
187 210
189 210
196 210
199 210
201 210
204 210
207 210
209 210
211 210
212 210
214 210
215 210
141 211
144 211
146 211
149 211
150 211
199 211
204 211
205 211
207 211
210 211
212 211
214 211
215 211
141 212
148 212
149 212
180 212
204 212
210 212
211 212
214 212
249 212
291 212
442 212
464 212
138 213
142 213
149 213
150 213
172 213
200 213
203 213
205 213
215 213
340 213
609 213
655 213
109 214
141 214
144 214
145 214
148 214
149 214
161 214
166 214
187 214
189 214
196 214
210 214
211 214
212 214
539 214
62 215
149 215
172 215
199 215
200 215
203 215
204 215
205 215
207 215
209 215
210 215
211 215
213 215
71 216
140 216
149 216
150 216
152 216
197 216
205 216
279 216
280 216
351 216
371 216
66 217
101 217
219 217
236 217
308 217
397 217
399 217
419 217
423 217
429 217
617 217
236 218
258 218
265 218
333 218
335 218
338 218
374 218
387 218
501 218
515 218
586 218
62 219
158 219
217 219
222 219
397 219
437 219
443 219
447 219
645 219
21 220
26 220
27 220
37 220
83 220
113 220
120 220
301 220
349 220
358 220
408 220
410 220
419 220
229 221
230 221
260 221
276 221
293 221
319 221
331 221
346 221
347 221
349 221
353 221
358 221
364 221
367 221
382 221
384 221
389 221
400 221
421 221
434 221
435 221
436 221
437 221
439 221
440 221
441 221
442 221
219 222
300 222
305 222
336 222
339 222
349 222
393 222
411 222
420 222
437 222
442 222
77 223
305 223
359 223
363 223
367 223
440 223
475 223
488 223
679 223
229 224
250 224
257 224
258 224
284 224
298 224
326 224
331 224
344 224
366 224
400 224
414 224
476 224
85 225
229 225
242 225
261 225
263 225
275 225
296 225
318 225
328 225
416 225
423 225
429 225
440 225
239 226
253 226
255 226
256 226
267 226
302 226
313 226
321 226
330 226
385 226
415 226
425 226
524 226
152 227
178 227
305 227
327 227
393 227
468 227
504 227
505 227
590 227
38 228
49 228
236 228
322 228
343 228
353 228
359 228
406 228
407 228
412 228
419 228
426 228
85 229
122 229
125 229
221 229
224 229
225 229
250 229
258 229
261 229
263 229
284 229
287 229
288 229
293 229
296 229
318 229
326 229
328 229
331 229
344 229
424 229
30 230
221 230
232 230
254 230
256 230
267 230
271 230
311 230
314 230
319 230
322 230
329 230
346 230
347 230
358 230
373 230
388 230
415 230
435 230
441 230
442 230
233 231
235 231
237 231
240 231
255 231
271 231
313 231
329 231
396 231
420 231
49 232
59 232
60 232
66 232
101 232
230 232
279 232
302 232
304 232
322 232
360 232
367 232
464 232
49 233
231 233
283 233
356 233
367 233
427 233
478 233
494 233
499 233
162 234
183 234
267 234
290 234
294 234
302 234
317 234
321 234
388 234
415 234
48 235
231 235
237 235
240 235
245 235
255 235
326 235
332 235
344 235
375 235
396 235
416 235
457 235
523 235
217 236
218 236
228 236
282 236
341 236
382 236
407 236
420 236
427 236
442 236
84 237
128 237
231 237
235 237
240 237
242 237
255 237
269 237
271 237
421 237
429 237
77 238
108 238
113 238
249 238
323 238
400 238
441 238
478 238
490 238
62 239
226 239
241 239
253 239
262 239
279 239
306 239
324 239
332 239
385 239
414 239
456 239
231 240
235 240
237 240
255 240
260 240
291 240
313 240
329 240
332 240
375 240
376 240
397 240
420 240
53 241
64 241
239 241
282 241
335 241
356 241
367 241
418 241
599 241
5 242
225 242
237 242
258 242
272 242
279 242
280 242
324 242
416 242
429 242
262 243
370 243
384 243
423 243
430 243
548 243
620 243
634 243
644 243
661 243
65 244
251 244
270 244
294 244
315 244
317 244
330 244
338 244
364 244
367 244
370 244
425 244
62 245
96 245
235 245
246 245
312 245
328 245
339 245
404 245
454 245
532 245
62 246
138 246
163 246
167 246
171 246
173 246
245 246
263 246
266 246
327 246
335 246
358 246
375 246
546 246
586 246
659 246
277 247
356 247
357 247
361 247
368 247
374 247
386 247
394 247
409 247
442 247
60 248
172 248
249 248
298 248
319 248
351 248
373 248
406 248
437 248
212 249
238 249
248 249
274 249
315 249
323 249
349 249
378 249
393 249
80 250
224 250
229 250
269 250
284 250
287 250
292 250
298 250
331 250
366 250
30 251
244 251
252 251
270 251
317 251
321 251
366 251
416 251
420 251
487 251
175 252
179 252
251 252
267 252
273 252
290 252
294 252
295 252
306 252
310 252
167 253
226 253
239 253
256 253
280 253
313 253
317 253
332 253
389 253
429 253
48 254
230 254
307 254
311 254
351 254
366 254
408 254
441 254
457 254
575 254
128 255
226 255
231 255
235 255
237 255
240 255
256 255
267 255
270 255
274 255
302 255
313 255
321 255
329 255
330 255
370 255
376 255
396 255
420 255
421 255
425 255
524 255
226 256
230 256
253 256
255 256
311 256
313 256
314 256
322 256
332 256
420 256
421 256
425 256
442 256
224 257
269 257
297 257
315 257
326 257
331 257
383 257
384 257
405 257
434 257
458 257
137 258
218 258
224 258
229 258
242 258
272 258
381 258
397 258
427 258
429 258
454 258
171 259
294 259
313 259
370 259
386 259
394 259
417 259
427 259
433 259
442 259
221 260
240 260
291 260
332 260
361 260
376 260
392 260
394 260
434 260
20 261
119 261
225 261
229 261
275 261
288 261
289 261
292 261
296 261
313 261
318 261
320 261
424 261
431 261
457 261
69 262
239 262
243 262
297 262
315 262
365 262
374 262
380 262
422 262
423 262
518 262
566 262
117 263
122 263
171 263
225 263
229 263
246 263
275 263
321 263
325 263
328 263
329 263
416 263
418 263
517 263
586 263
659 263
4 264
349 264
358 264
394 264
418 264
433 264
585 264
613 264
649 264
654 264
657 264
56 265
96 265
103 265
115 265
124 265
131 265
163 265
218 265
273 265
338 265
476 265
62 266
246 266
274 266
281 266
290 266
303 266
334 266
335 266
337 266
399 266
427 266
565 266
122 267
226 267
230 267
234 267
252 267
255 267
270 267
274 267
289 267
302 267
313 267
321 267
329 267
330 267
415 267
425 267
25 268
28 268
34 268
98 268
275 268
406 268
536 268
613 268
636 268
237 269
250 269
257 269
288 269
326 269
331 269
344 269
345 269
353 269
355 269
366 269
374 269
402 269
403 269
408 269
438 269
244 270
251 270
255 270
267 270
313 270
315 270
317 270
333 270
420 270
425 270
63 271
230 271
231 271
237 271
326 271
344 271
408 271
420 271
421 271
118 272
242 272
258 272
279 272
299 272
427 272
515 272
637 272
667 272
67 273
78 273
139 273
173 273
252 273
265 273
480 273
508 273
657 273
249 274
255 274
266 274
267 274
281 274
303 274
305 274
307 274
335 274
396 274
399 274
523 274
659 274
225 275
261 275
263 275
268 275
282 275
328 275
427 275
431 275
659 275
221 276
301 276
316 276
326 276
328 276
331 276
344 276
380 276
384 276
387 276
395 276
403 276
414 276
437 276
439 276
441 276
247 277
300 277
349 277
357 277
361 277
369 277
371 277
372 277
374 277
378 277
392 277
394 277
442 277
32 278
39 278
122 278
140 278
309 278
313 278
339 278
359 278
363 278
385 278
430 278
4 279
60 279
216 279
232 279
239 279
242 279
272 279
299 279
383 279
515 279
548 279
637 279
185 280
216 280
242 280
253 280
302 280
417 280
427 280
429 280
585 280
266 281
274 281
290 281
303 281
335 281
337 281
399 281
415 281
425 281
129 282
236 282
241 282
275 282
296 282
313 282
328 282
377 282
395 282
399 282
423 282
40 283
96 283
183 283
233 283
293 283
307 283
309 283
347 283
349 283
351 283
405 283
442 283
480 283
20 284
34 284
78 284
132 284
224 284
229 284
250 284
287 284
298 284
316 284
326 284
331 284
344 284
366 284
389 284
476 284
684 284
43 285
60 285
98 285
100 285
130 285
132 285
162 285
342 285
362 285
413 285
452 285
453 285
590 285
609 285
643 285
2 286
38 286
39 286
49 286
53 286
123 286
124 286
410 286
426 286
428 286
438 286
66 287
85 287
100 287
125 287
132 287
229 287
250 287
284 287
342 287
366 287
400 287
413 287
590 287
229 288
261 288
269 288
326 288
331 288
344 288
353 288
405 288
424 288
119 289
170 289
179 289
261 289
267 289
292 289
317 289
321 289
365 289
424 289
425 289
654 289
158 290
175 290
234 290
252 290
266 290
281 290
295 290
303 290
304 290
306 290
310 290
325 290
334 290
335 290
337 290
338 290
399 290
415 290
212 291
240 291
260 291
332 291
335 291
360 291
376 291
399 291
521 291
46 292
250 292
261 292
289 292
318 292
321 292
329 292
424 292
654 292
684 292
221 293
229 293
283 293
318 293
323 293
331 293
353 293
377 293
395 293
436 293
442 293
19 294
65 294
234 294
244 294
252 294
259 294
348 294
399 294
416 294
417 294
252 295
290 295
303 295
306 295
310 295
334 295
337 295
341 295
399 295
654 295
225 296
229 296
261 296
282 296
318 296
326 296
344 296
365 296
423 296
424 296
34 297
88 297
257 297
262 297
315 297
330 297
365 297
518 297
535 297
540 297
206 298
224 298
248 298
250 298
284 298
331 298
366 298
389 298
392 298
393 298
93 299
105 299
272 299
279 299
374 299
415 299
442 299
481 299
515 299
626 299
637 299
222 300
277 300
319 300
363 300
371 300
372 300
373 300
411 300
634 300
192 301
220 301
276 301
316 301
326 301
344 301
350 301
374 301
380 301
403 301
414 301
419 301
430 301
434 301
440 301
226 302
232 302
234 302
255 302
267 302
280 302
313 302
317 302
330 302
421 302
660 302
266 303
274 303
281 303
290 303
295 303
334 303
335 303
337 303
399 303
425 303
232 304
290 304
356 304
364 304
367 304
381 304
382 304
393 304
501 304
43 305
48 305
222 305
223 305
227 305
274 305
324 305
420 305
434 305
30 306
239 306
252 306
290 306
295 306
310 306
312 306
317 306
341 306
108 307
158 307
254 307
274 307
283 307
335 307
400 307
405 307
427 307
68 308
163 308
217 308
355 308
362 308
380 308
381 308
398 308
401 308
402 308
409 308
422 308
433 308
454 308
124 309
278 309
283 309
325 309
333 309
335 309
388 309
523 309
531 309
613 309
645 309
657 309
30 310
60 310
252 310
290 310
295 310
306 310
319 310
341 310
373 310
461 310
230 311
254 311
256 311
322 311
331 311
368 311
388 311
389 311
429 311
115 312
245 312
306 312
341 312
404 312
454 312
461 312
520 312
622 312
226 313
231 313
240 313
253 313
255 313
256 313
259 313
261 313
267 313
270 313
278 313
282 313
302 313
330 313
406 313
420 313
421 313
424 313
425 313
429 313
230 314
256 314
322 314
329 314
351 314
388 314
389 314
415 314
417 314
441 314
88 315
244 315
249 315
257 315
262 315
270 315
297 315
317 315
333 315
445 315
518 315
625 315
78 316
276 316
284 316
301 316
353 316
387 316
395 316
419 316
431 316
513 316
540 316
643 316
162 317
179 317
194 317
234 317
244 317
251 317
253 317
270 317
289 317
302 317
306 317
315 317
321 317
327 317
330 317
365 317
370 317
425 317
611 317
54 318
225 318
229 318
261 318
292 318
293 318
296 318
416 318
423 318
424 318
434 318
221 319
230 319
248 319
300 319
310 319
336 319
347 319
358 319
373 319
381 319
423 319
436 319
440 319
461 319
472 319
73 320
93 320
172 320
261 320
341 320
343 320
392 320
424 320
486 320
49 321
51 321
197 321
226 321
234 321
251 321
255 321
263 321
267 321
289 321
292 321
317 321
330 321
425 321
228 322
230 322
232 322
256 322
311 322
314 322
333 322
389 322
415 322
425 322
238 323
249 323
293 323
352 323
361 323
368 323
377 323
395 323
419 323
433 323
442 323
143 324
239 324
242 324
305 324
349 324
358 324
369 324
383 324
423 324
517 324
124 325
183 325
197 325
263 325
290 325
309 325
416 325
523 325
613 325
669 325
56 326
125 326
132 326
224 326
229 326
235 326
257 326
269 326
271 326
276 326
284 326
288 326
296 326
301 326
331 326
342 326
343 326
344 326
345 326
346 326
348 326
350 326
351 326
353 326
364 326
366 326
379 326
389 326
400 326
402 326
405 326
406 326
408 326
412 326
421 326
431 326
438 326
62 327
106 327
163 327
175 327
179 327
193 327
227 327
246 327
317 327
371 327
464 327
492 327
498 327
562 327
598 327
225 328
229 328
245 328
263 328
275 328
276 328
282 328
416 328
439 328
230 329
231 329
240 329
255 329
263 329
267 329
292 329
314 329
330 329
369 329
388 329
421 329
425 329
226 330
244 330
255 330
267 330
297 330
302 330
313 330
317 330
321 330
329 330
365 330
425 330
30 331
56 331
132 331
221 331
224 331
229 331
250 331
257 331
269 331
276 331
284 331
288 331
293 331
298 331
311 331
326 331
343 331
344 331
345 331
348 331
351 331
353 331
366 331
383 331
389 331
400 331
402 331
403 331
408 331
412 331
421 331
434 331
41 332
235 332
239 332
240 332
253 332
256 332
260 332
291 332
385 332
521 332
93 333
218 333
270 333
309 333
315 333
322 333
365 333
416 333
425 333
266 334
290 334
295 334
303 334
335 334
337 334
338 334
399 334
526 334
654 334
158 335
175 335
218 335
241 335
246 335
266 335
274 335
281 335
290 335
291 335
303 335
307 335
309 335
334 335
337 335
370 335
399 335
427 335
429 335
608 335
222 336
319 336
347 336
349 336
352 336
355 336
358 336
373 336
380 336
381 336
386 336
391 336
393 336
398 336
404 336
411 336
423 336
433 336
438 336
439 336
440 336
158 337
266 337
281 337
290 337
295 337
303 337
334 337
335 337
399 337
124 338
218 338
244 338
265 338
290 338
334 338
367 338
370 338
386 338
387 338
501 338
586 338
40 339
71 339
222 339
245 339
278 339
388 339
476 339
547 339
565 339
592 339
4 340
154 340
213 340
459 340
546 340
551 340
562 340
590 340
594 340
653 340
676 340
236 341
295 341
306 341
310 341
312 341
320 341
346 341
349 341
386 341
404 341
405 341
408 341
442 341
445 341
598 341
285 342
287 342
326 342
345 342
346 342
349 342
362 342
413 342
599 342
135 343
147 343
228 343
320 343
326 343
331 343
344 343
348 343
351 343
353 343
386 343
401 343
56 344
125 344
132 344
224 344
229 344
235 344
269 344
271 344
276 344
284 344
288 344
296 344
301 344
326 344
331 344
343 344
345 344
346 344
348 344
350 344
351 344
353 344
364 344
366 344
379 344
389 344
400 344
402 344
405 344
406 344
408 344
421 344
431 344
438 344
269 345
326 345
331 345
342 345
344 345
346 345
348 345
349 345
353 345
408 345
178 346
221 346
230 346
326 346
341 346
342 346
344 346
345 346
348 346
353 346
382 346
386 346
402 346
408 346
438 346
513 346
221 347
230 347
283 347
319 347
336 347
349 347
353 347
358 347
373 347
381 347
391 347
393 347
423 347
433 347
440 347
294 348
326 348
331 348
343 348
344 348
345 348
346 348
351 348
353 348
438 348
82 349
164 349
220 349
221 349
222 349
249 349
264 349
277 349
283 349
324 349
336 349
341 349
342 349
345 349
347 349
352 349
353 349
355 349
358 349
361 349
362 349
368 349
371 349
372 349
378 349
379 349
380 349
381 349
382 349
391 349
392 349
393 349
405 349
411 349
423 349
433 349
435 349
437 349
442 349
608 349
101 350
301 350
326 350
344 350
359 350
398 350
405 350
414 350
419 350
463 350
30 351
56 351
147 351
216 351
248 351
254 351
283 351
314 351
326 351
331 351
343 351
344 351
348 351
353 351
371 351
381 351
389 351
402 351
408 351
436 351
660 351
26 352
27 352
123 352
124 352
323 352
336 352
349 352
391 352
529 352
548 352
221 353
228 353
269 353
288 353
293 353
316 353
326 353
331 353
343 353
344 353
345 353
346 353
347 353
348 353
349 353
351 353
355 353
358 353
368 353
371 353
379 353
380 353
381 353
390 353
391 353
393 353
402 353
404 353
407 353
408 353
411 353
426 353
438 353
442 353
660 353
148 354
187 354
189 354
431 354
539 354
579 354
590 354
609 354
641 354
269 355
308 355
336 355
349 355
353 355
358 355
375 355
393 355
404 355
411 355
423 355
433 355
439 355
97 356
233 356
241 356
247 356
304 356
382 356
393 356
396 356
399 356
412 356
414 356
427 356
434 356
56 357
247 357
277 357
368 357
372 357
380 357
381 357
392 357
393 357
622 357
78 358
220 358
221 358
230 358
246 358
264 358
319 358
324 358
336 358
347 358
349 358
353 358
355 358
373 358
375 358
380 358
391 358
393 358
402 358
404 358
408 358
411 358
423 358
433 358
435 358
437 358
439 358
440 358
102 359
223 359
228 359
278 359
350 359
360 359
361 359
363 359
367 359
385 359
401 359
407 359
409 359
414 359
419 359
426 359
432 359
50 360
114 360
232 360
291 360
359 360
367 360
401 360
412 360
414 360
419 360
422 360
432 360
614 360
247 361
260 361
277 361
323 361
349 361
359 361
368 361
372 361
374 361
377 361
378 361
392 361
394 361
397 361
398 361
409 361
419 361
432 361
442 361
17 362
98 362
153 362
285 362
308 362
342 362
349 362
411 362
413 362
452 362
453 362
455 362
495 362
510 362
591 362
643 362
32 363
50 363
99 363
223 363
278 363
300 363
359 363
367 363
385 363
390 363
409 363
414 363
419 363
434 363
30 364
94 364
132 364
164 364
221 364
244 364
304 364
326 364
344 364
367 364
382 364
421 364
427 364
483 364
63 365
96 365
179 365
262 365
289 365
296 365
297 365
317 365
330 365
333 365
370 365
425 365
518 365
540 365
30 366
56 366
125 366
224 366
250 366
251 366
254 366
269 366
284 366
287 366
298 366
326 366
331 366
344 366
400 366
402 366
403 366
476 366
29 367
50 367
64 367
221 367
223 367
232 367
233 367
241 367
244 367
304 367
338 367
359 367
360 367
363 367
364 367
377 367
382 367
385 367
386 367
401 367
412 367
414 367
419 367
422 367
247 368
311 368
323 368
349 368
353 368
357 368
361 368
377 368
380 368
392 368
395 368
397 368
433 368
442 368
599 368
85 369
128 369
277 369
324 369
329 369
372 369
425 369
448 369
517 369
548 369
586 369
171 370
243 370
244 370
255 370
259 370
317 370
335 370
338 370
365 370
412 370
414 370
416 370
421 370
427 370
468 370
518 370
523 370
147 371
152 371
170 371
216 371
277 371
300 371
327 371
349 371
351 371
353 371
372 371
381 371
390 371
442 371
660 371
277 372
300 372
349 372
357 372
361 372
369 372
371 372
374 372
378 372
392 372
394 372
409 372
442 372
230 373
248 373
300 373
310 373
319 373
336 373
347 373
358 373
381 373
423 373
436 373
440 373
461 373
467 373
470 373
472 373
218 374
247 374
262 374
269 374
277 374
299 374
301 374
361 374
372 374
378 374
394 374
430 374
433 374
586 374
235 375
240 375
246 375
355 375
358 375
376 375
396 375
440 375
523 375
240 376
255 376
260 376
291 376
375 376
395 376
396 376
523 376
636 376
282 377
293 377
323 377
361 377
367 377
368 377
392 377
395 377
396 377
397 377
409 377
419 377
432 377
433 377
436 377
442 377
249 378
277 378
349 378
361 378
372 378
374 378
392 378
394 378
442 378
177 379
326 379
344 379
349 379
353 379
380 379
381 379
382 379
383 379
395 379
435 379
442 379
513 379
262 380
276 380
301 380
308 380
336 380
349 380
353 380
357 380
358 380
368 380
379 380
393 380
395 380
398 380
404 380
433 380
435 380
438 380
440 380
441 380
513 380
258 381
304 381
308 381
319 381
336 381
347 381
349 381
351 381
353 381
357 381
371 381
373 381
379 381
390 381
393 381
405 381
442 381
467 381
472 381
513 381
221 382
236 382
304 382
346 382
349 382
356 382
364 382
367 382
379 382
105 383
176 383
257 383
279 383
324 383
331 383
379 383
434 383
435 383
442 383
602 383
61 384
147 384
221 384
243 384
257 384
276 384
390 384
437 384
439 384
634 384
41 385
226 385
239 385
278 385
332 385
359 385
363 385
367 385
419 385
426 385
434 385
124 386
247 386
259 386
336 386
338 386
341 386
343 386
346 386
367 386
405 386
414 386
513 386
567 386
35 387
60 387
108 387
124 387
218 387
276 387
316 387
338 387
395 387
417 387
548 387
230 388
234 388
309 388
311 388
314 388
329 388
339 388
389 388
415 388
421 388
221 389
253 389
284 389
298 389
311 389
314 389
322 389
326 389
331 389
344 389
351 389
388 389
421 389
192 390
353 390
363 390
371 390
381 390
384 390
391 390
442 390
592 390
643 390
336 391
347 391
349 391
352 391
353 391
358 391
390 391
393 391
411 391
426 391
440 391
84 392
260 392
277 392
298 392
320 392
349 392
357 392
361 392
368 392
372 392
377 392
378 392
394 392
222 393
227 393
249 393
298 393
304 393
336 393
347 393
349 393
353 393
355 393
356 393
357 393
358 393
380 393
381 393
391 393
395 393
398 393
404 393
411 393
433 393
435 393
437 393
439 393
440 393
441 393
513 393
247 394
259 394
260 394
264 394
277 394
361 394
372 394
374 394
378 394
392 394
417 394
433 394
442 394
480 394
276 395
282 395
293 395
316 395
323 395
368 395
376 395
377 395
379 395
380 395
387 395
393 395
399 395
410 395
419 395
433 395
434 395
435 395
436 395
440 395
441 395
442 395
52 396
91 396
118 396
167 396
231 396
235 396
255 396
274 396
356 396
375 396
376 396
377 396
420 396
463 396
523 396
579 396
618 396
636 396
158 397
217 397
219 397
240 397
258 397
361 397
368 397
377 397
437 397
442 397
493 397
308 398
336 398
350 398
361 398
380 398
393 398
405 398
409 398
419 398
432 398
436 398
440 398
158 399
217 399
266 399
274 399
281 399
282 399
290 399
291 399
294 399
295 399
303 399
334 399
335 399
337 399
356 399
395 399
429 399
434 399
56 400
163 400
221 400
224 400
238 400
287 400
307 400
326 400
331 400
344 400
366 400
402 400
405 400
408 400
50 401
308 401
343 401
359 401
360 401
367 401
406 401
410 401
419 401
422 401
432 401
56 402
269 402
308 402
326 402
331 402
344 402
346 402
351 402
353 402
358 402
366 402
400 402
405 402
408 402
85 403
132 403
269 403
276 403
301 403
331 403
366 403
414 403
441 403
245 404
312 404
336 404
341 404
353 404
355 404
358 404
380 404
393 404
440 404
56 405
257 405
283 405
288 405
307 405
326 405
341 405
344 405
349 405
350 405
381 405
386 405
398 405
400 405
402 405
408 405
417 405
441 405
49 406
53 406
79 406
228 406
248 406
268 406
313 406
326 406
344 406
401 406
407 406
419 406
426 406
38 407
49 407
228 407
236 407
353 407
359 407
406 407
412 407
419 407
426 407
163 408
193 408
220 408
254 408
269 408
271 408
326 408
331 408
341 408
344 408
345 408
346 408
351 408
353 408
358 408
400 408
402 408
405 408
410 408
411 408
419 408
438 408
513 408
68 409
247 409
308 409
359 409
361 409
363 409
372 409
377 409
398 409
419 409
432 409
120 410
220 410
286 410
395 410
401 410
408 410
411 410
419 410
426 410
433 410
438 410
222 411
300 411
336 411
349 411
353 411
355 411
358 411
362 411
391 411
393 411
408 411
410 411
438 411
50 412
64 412
228 412
326 412
331 412
356 412
360 412
367 412
370 412
407 412
414 412
419 412
422 412
426 412
427 412
441 412
60 413
66 413
98 413
100 413
129 413
130 413
132 413
285 413
287 413
342 413
362 413
50 414
224 414
239 414
276 414
301 414
350 414
356 414
359 414
360 414
363 414
367 414
370 414
386 414
403 414
412 414
419 414
427 414
430 414
463 414
609 414
226 415
230 415
234 415
267 415
281 415
290 415
299 415
314 415
322 415
388 415
425 415
485 415
526 415
654 415
5 416
48 416
108 416
122 416
225 416
235 416
242 416
251 416
263 416
294 416
318 416
325 416
328 416
333 416
370 416
614 416
259 417
280 417
294 417
314 417
387 417
394 417
405 417
433 417
442 417
72 418
77 418
85 418
117 418
122 418
171 418
202 418
241 418
263 418
264 418
601 418
653 418
669 418
50 419
217 419
220 419
228 419
301 419
316 419
323 419
350 419
359 419
360 419
361 419
363 419
367 419
377 419
385 419
395 419
398 419
401 419
406 419
407 419
408 419
409 419
410 419
412 419
414 419
422 419
426 419
431 419
432 419
434 419
438 419
186 420
222 420
231 420
236 420
240 420
251 420
255 420
256 420
270 420
271 420
305 420
313 420
396 420
421 420
425 420
442 420
221 421
237 421
255 421
256 421
271 421
302 421
313 421
326 421
329 421
331 421
344 421
364 421
370 421
388 421
389 421
420 421
442 421
523 421
50 422
262 422
308 422
360 422
367 422
401 422
412 422
419 422
427 422
217 423
225 423
243 423
262 423
282 423
296 423
318 423
319 423
324 423
336 423
347 423
349 423
355 423
358 423
373 423
433 423
437 423
440 423
20 424
229 424
261 424
288 424
289 424
292 424
296 424
313 424
318 424
320 424
431 424
457 424
119 425
194 425
201 425
226 425
244 425
255 425
256 425
267 425
270 425
281 425
289 425
303 425
313 425
317 425
321 425
322 425
329 425
330 425
333 425
365 425
369 425
415 425
420 425
430 425
22 426
176 426
228 426
286 426
353 426
359 426
385 426
391 426
406 426
407 426
410 426
412 426
419 426
432 426
438 426
463 426
31 427
53 427
64 427
233 427
236 427
258 427
259 427
266 427
272 427
275 427
280 427
307 427
335 427
356 427
364 427
370 427
412 427
414 427
422 427
523 427
2 428
38 428
39 428
49 428
75 428
79 428
80 428
122 428
123 428
124 428
286 428
217 429
225 429
237 429
242 429
253 429
258 429
280 429
311 429
313 429
335 429
399 429
524 429
589 429
146 430
192 430
243 430
278 430
301 430
374 430
414 430
425 430
509 430
562 430
79 431
106 431
261 431
275 431
316 431
326 431
344 431
354 431
419 431
424 431
439 431
609 431
49 432
359 432
360 432
361 432
377 432
398 432
401 432
409 432
419 432
426 432
440 432
4 433
82 433
259 433
264 433
308 433
323 433
336 433
347 433
349 433
355 433
358 433
368 433
374 433
377 433
380 433
393 433
394 433
395 433
410 433
417 433
423 433
437 433
439 433
442 433
221 434
257 434
260 434
301 434
305 434
318 434
331 434
356 434
363 434
383 434
385 434
395 434
399 434
419 434
221 435
230 435
349 435
358 435
379 435
380 435
383 435
393 435
395 435
441 435
221 436
293 436
319 436
351 436
373 436
377 436
395 436
398 436
454 436
84 437
219 437
221 437
222 437
248 437
276 437
349 437
358 437
384 437
393 437
397 437
423 437
433 437
440 437
643 437
106 438
269 438
286 438
326 438
336 438
344 438
346 438
348 438
353 438
380 438
408 438
410 438
411 438
419 438
426 438
463 438
221 439
276 439
328 439
336 439
355 439
358 439
384 439
393 439
431 439
433 439
440 439
221 440
223 440
225 440
301 440
319 440
336 440
347 440
358 440
373 440
375 440
380 440
391 440
393 440
395 440
398 440
404 440
423 440
432 440
437 440
439 440
441 440
48 441
221 441
230 441
238 441
254 441
276 441
314 441
380 441
393 441
395 441
403 441
405 441
412 441
435 441
440 441
212 442
221 442
222 442
230 442
236 442
247 442
256 442
259 442
277 442
283 442
293 442
299 442
323 442
341 442
349 442
353 442
361 442
368 442
371 442
372 442
377 442
378 442
379 442
381 442
383 442
390 442
394 442
395 442
397 442
417 442
420 442
421 442
433 442
34 443
219 443
447 443
448 443
449 443
450 443
451 443
452 443
455 443
565 443
180 444
446 444
447 444
449 444
450 444
451 444
469 444
494 444
532 444
543 444
685 444
36 445
59 445
170 445
315 445
341 445
446 445
504 445
598 445
612 445
444 446
445 446
447 446
449 446
450 446
451 446
452 446
455 446
456 446
461 446
22 447
219 447
443 447
444 447
446 447
449 447
450 447
451 447
452 447
455 447
459 447
465 447
493 447
508 447
512 447
128 448
138 448
203 448
209 448
369 448
443 448
450 448
451 448
452 448
498 448
187 449
189 449
443 449
444 449
446 449
447 449
450 449
451 449
452 449
458 449
136 450
443 450
444 450
446 450
447 450
448 450
449 450
451 450
452 450
453 450
455 450
456 450
465 450
510 450
512 450
443 451
444 451
446 451
447 451
448 451
449 451
450 451
452 451
455 451
456 451
480 451
17 452
136 452
162 452
285 452
362 452
443 452
446 452
447 452
448 452
449 452
450 452
451 452
453 452
455 452
495 452
508 452
510 452
511 452
578 452
52 453
162 453
186 453
188 453
189 453
285 453
362 453
450 453
452 453
455 453
508 453
60 454
137 454
201 454
245 454
258 454
308 454
312 454
436 454
532 454
622 454
162 455
362 455
443 455
446 455
447 455
450 455
451 455
452 455
453 455
456 455
510 455
511 455
239 456
446 456
450 456
451 456
455 456
469 456
512 456
606 456
621 456
48 457
111 457
235 457
254 457
261 457
424 457
463 457
503 457
506 457
599 457
622 457
132 458
206 458
257 458
449 458
460 458
461 458
470 458
472 458
600 458
340 459
447 459
470 459
472 459
473 459
474 459
496 459
506 459
622 459
655 459
458 460
465 460
467 460
469 460
470 460
490 460
493 460
494 460
500 460
512 460
310 461
312 461
319 461
373 461
446 461
458 461
462 461
464 461
566 461
660 461
59 462
158 462
461 462
464 462
465 462
471 462
492 462
566 462
643 462
77 463
350 463
396 463
414 463
426 463
438 463
457 463
471 463
517 463
59 464
63 464
212 464
232 464
327 464
461 464
462 464
469 464
492 464
660 464
447 465
450 465
460 465
462 465
469 465
494 465
500 465
510 465
566 465
625 465
153 466
468 466
469 466
478 466
484 466
486 466
490 466
506 466
540 466
54 467
59 467
373 467
381 467
460 467
469 467
470 467
472 467
547 467
625 467
642 467
685 467
128 468
153 468
180 468
227 468
370 468
466 468
470 468
472 468
475 468
483 468
486 468
488 468
501 468
642 468
685 468
191 469
193 469
444 469
456 469
460 469
464 469
465 469
466 469
467 469
481 469
482 469
483 469
489 469
492 469
493 469
494 469
502 469
511 469
514 469
532 469
543 469
547 469
556 469
564 469
566 469
576 469
606 469
612 469
621 469
625 469
639 469
641 469
642 469
685 469
373 470
458 470
459 470
460 470
467 470
468 470
472 470
473 470
494 470
54 471
59 471
60 471
77 471
103 471
104 471
109 471
124 471
462 471
463 471
319 472
373 472
381 472
458 472
459 472
467 472
468 472
470 472
477 472
507 472
459 473
470 473
474 473
477 473
479 473
493 473
497 473
498 473
503 473
504 473
505 473
506 473
507 473
459 474
473 474
475 474
477 474
479 474
496 474
499 474
502 474
503 474
505 474
506 474
507 474
511 474
223 475
468 475
474 475
476 475
477 475
478 475
479 475
482 475
483 475
484 475
485 475
486 475
487 475
494 475
507 475
224 476
265 476
284 476
339 476
366 476
475 476
479 476
482 476
505 476
472 477
473 477
474 477
475 477
479 477
480 477
487 477
496 477
498 477
502 477
503 477
504 477
505 477
506 477
507 477
178 478
233 478
238 478
466 478
475 478
486 478
489 478
490 478
493 478
499 478
501 478
506 478
8 479
473 479
474 479
475 479
476 479
477 479
484 479
496 479
502 479
504 479
505 479
507 479
173 480
273 480
283 480
394 480
451 480
477 480
491 480
507 480
508 480
299 481
469 481
486 481
488 481
490 481
492 481
493 481
502 481
505 481
469 482
475 482
476 482
485 482
486 482
489 482
490 482
497 482
500 482
532 482
547 482
606 482
154 483
364 483
468 483
469 483
475 483
484 483
543 483
549 483
590 483
685 483
4 484
153 484
466 484
475 484
479 484
483 484
486 484
494 484
497 484
415 485
475 485
482 485
486 485
489 485
490 485
497 485
590 485
643 485
320 486
466 486
468 486
475 486
478 486
481 486
482 486
484 486
485 486
488 486
489 486
491 486
497 486
498 486
500 486
501 486
30 487
251 487
475 487
477 487
490 487
491 487
494 487
501 487
505 487
507 487
509 487
524 487
153 488
154 488
174 488
223 488
468 488
481 488
486 488
494 488
498 488
499 488
501 488
508 488
642 488
685 488
170 489
469 489
478 489
482 489
485 489
486 489
490 489
491 489
497 489
543 489
547 489
576 489
606 489
642 489
685 489
238 490
460 490
466 490
478 490
481 490
482 490
485 490
487 490
489 490
491 490
493 490
497 490
501 490
503 490
505 490
480 491
486 491
487 491
489 491
490 491
493 491
497 491
499 491
501 491
6 492
59 492
103 492
142 492
193 492
327 492
462 492
464 492
469 492
481 492
497 492
500 492
502 492
514 492
532 492
543 492
547 492
598 492
680 492
685 492
11 493
124 493
165 493
397 493
447 493
460 493
469 493
473 493
478 493
481 493
490 493
491 493
495 493
497 493
499 493
501 493
505 493
506 493
509 493
527 493
599 493
233 494
444 494
460 494
465 494
469 494
470 494
475 494
484 494
487 494
488 494
499 494
501 494
532 494
543 494
547 494
606 494
621 494
625 494
685 494
74 495
142 495
163 495
362 495
452 495
493 495
500 495
501 495
506 495
8 496
459 496
474 496
477 496
479 496
499 496
502 496
503 496
504 496
506 496
473 497
482 497
484 497
485 497
486 497
489 497
490 497
491 497
492 497
493 497
327 498
448 498
473 498
477 498
486 498
488 498
508 498
584 498
642 498
685 498
168 499
233 499
474 499
478 499
488 499
491 499
493 499
494 499
496 499
501 499
508 499
509 499
153 500
157 500
460 500
465 500
482 500
486 500
492 500
495 500
532 500
543 500
218 501
304 501
338 501
468 501
478 501
486 501
487 501
488 501
490 501
491 501
493 501
494 501
495 501
499 501
509 501
469 502
474 502
477 502
479 502
481 502
492 502
496 502
503 502
504 502
507 502
457 503
473 503
474 503
477 503
490 503
496 503
502 503
504 503
506 503
507 503
634 503
227 504
445 504
473 504
477 504
479 504
496 504
502 504
503 504
573 504
227 505
473 505
474 505
476 505
477 505
479 505
481 505
487 505
490 505
493 505
507 505
457 506
459 506
466 506
473 506
474 506
477 506
478 506
493 506
495 506
496 506
503 506
507 506
472 507
473 507
474 507
475 507
477 507
479 507
480 507
487 507
502 507
503 507
505 507
506 507
273 508
447 508
452 508
453 508
480 508
488 508
498 508
499 508
509 508
510 508
642 508
430 509
487 509
493 509
499 509
501 509
508 509
510 509
512 509
655 509
362 510
450 510
452 510
455 510
465 510
508 510
509 510
643 510
685 510
140 511
190 511
452 511
455 511
469 511
474 511
543 511
566 511
642 511
685 511
60 512
123 512
124 512
447 512
450 512
456 512
460 512
509 512
553 512
554 512
629 512
95 513
316 513
346 513
379 513
380 513
381 513
386 513
393 513
408 513
191 514
469 514
492 514
532 514
547 514
564 514
566 514
569 514
570 514
571 514
606 514
612 514
621 514
625 514
628 514
630 514
642 514
682 514
685 514
7 515
218 515
272 515
279 515
299 515
522 515
533 515
555 515
586 515
591 515
602 515
604 515
614 515
626 515
637 515
651 515
667 515
136 516
543 516
557 516
577 516
594 516
653 516
665 516
671 516
674 516
682 516
89 517
106 517
166 517
167 517
201 517
208 517
263 517
324 517
369 517
463 517
528 517
556 517
647 517
656 517
669 517
262 518
297 518
315 518
365 518
370 518
544 518
549 518
559 518
581 518
62 519
158 519
523 519
531 519
578 519
589 519
591 519
600 519
602 519
672 519
192 520
312 520
546 520
574 520
596 520
631 520
650 520
656 520
677 520
291 521
332 521
543 521
555 521
594 521
599 521
608 521
653 521
667 521
683 521
24 522
515 522
527 522
531 522
533 522
551 522
587 522
589 522
602 522
603 522
605 522
607 522
627 522
638 522
644 522
648 522
650 522
653 522
665 522
667 522
670 522
677 522
682 522
111 523
235 523
274 523
309 523
325 523
370 523
375 523
376 523
396 523
421 523
427 523
519 523
531 523
533 523
534 523
579 523
595 523
613 523
623 523
645 523
657 523
659 523
672 523
683 523
19 524
30 524
226 524
255 524
429 524
487 524
626 524
627 524
660 524
155 525
202 525
529 525
552 525
582 525
600 525
615 525
632 525
633 525
635 525
649 525
651 525
674 525
681 525
34 526
55 526
73 526
131 526
334 526
415 526
567 526
619 526
654 526
684 526
16 527
493 527
522 527
589 527
593 527
627 527
640 527
650 527
670 527
682 527
143 528
167 528
517 528
531 528
538 528
560 528
598 528
607 528
610 528
638 528
647 528
656 528
662 528
666 528
669 528
670 528
680 528
151 529
156 529
159 529
160 529
181 529
182 529
188 529
190 529
202 529
352 529
525 529
541 529
554 529
582 529
593 529
615 529
617 529
629 529
632 529
633 529
649 529
674 529
681 529
73 530
538 530
595 530
603 530
604 530
626 530
629 530
637 530
648 530
673 530
679 530
683 530
24 531
309 531
519 531
522 531
523 531
528 531
533 531
589 531
594 531
607 531
613 531
647 531
648 531
653 531
657 531
672 531
673 531
677 531
682 531
137 532
191 532
245 532
444 532
454 532
469 532
482 532
492 532
494 532
500 532
514 532
543 532
547 532
561 532
566 532
568 532
570 532
571 532
572 532
576 532
606 532
612 532
621 532
625 532
630 532
639 532
658 532
682 532
685 532
515 533
522 533
523 533
531 533
578 533
583 533
590 533
591 533
624 533
648 533
653 533
660 533
674 533
677 533
678 533
682 533
43 534
53 534
90 534
103 534
105 534
114 534
129 534
136 534
523 534
575 534
585 534
589 534
618 534
645 534
656 534
657 534
176 535
297 535
550 535
595 535
620 535
623 535
645 535
661 535
683 535
684 535
2 536
79 536
85 536
104 536
106 536
134 536
268 536
558 536
579 536
621 536
624 536
628 536
637 536
639 536
641 536
662 536
558 537
568 537
572 537
580 537
584 537
611 537
639 537
658 537
664 537
528 538
530 538
601 538
629 538
647 538
656 538
657 538
663 538
666 538
679 538
148 539
161 539
166 539
169 539
180 539
187 539
189 539
214 539
354 539
544 539
549 539
567 539
4 540
297 540
316 540
365 540
466 540
562 540
569 540
643 540
665 540
156 541
160 541
182 541
190 541
529 541
593 541
617 541
637 541
674 541
138 542
146 542
175 542
198 542
546 542
560 542
570 542
629 542
630 542
636 542
639 542
644 542
653 542
676 542
444 543
469 543
483 543
489 543
492 543
494 543
500 543
511 543
516 543
521 543
532 543
547 543
551 543
556 543
560 543
561 543
564 543
566 543
568 543
569 543
571 543
576 543
587 543
606 543
612 543
621 543
625 543
628 543
638 543
639 543
641 543
642 543
646 543
671 543
682 543
685 543
124 544
518 544
539 544
545 544
546 544
549 544
559 544
567 544
581 544
601 544
675 544
3 545
40 545
90 545
96 545
104 545
105 545
114 545
129 545
544 545
546 545
559 545
581 545
592 545
171 546
246 546
340 546
520 546
542 546
544 546
545 546
560 546
592 546
594 546
596 546
600 546
603 546
624 546
653 546
659 546
676 546
677 546
678 546
191 547
339 547
467 547
469 547
482 547
489 547
492 547
494 547
514 547
532 547
543 547
556 547
561 547
564 547
565 547
566 547
569 547
570 547
571 547
572 547
576 547
587 547
606 547
612 547
621 547
624 547
625 547
628 547
630 547
639 547
641 547
642 547
646 547
682 547
685 547
108 548
124 548
243 548
279 548
352 548
369 548
387 548
600 548
621 548
125 549
483 549
518 549
539 549
544 549
589 549
616 549
657 549
680 549
130 550
535 550
563 550
597 550
604 550
616 550
619 550
646 550
651 550
652 550
667 550
4 551
24 551
126 551
340 551
522 551
543 551
613 551
618 551
648 551
655 551
657 551
670 551
673 551
682 551
168 552
190 552
525 552
582 552
615 552
629 552
632 552
638 552
665 552
35 553
60 553
115 553
124 553
157 553
208 553
512 553
554 553
566 553
567 553
584 553
664 553
60 554
124 554
137 554
190 554
512 554
529 554
553 554
557 554
577 554
589 554
680 554
81 555
118 555
143 555
515 555
521 555
565 555
569 555
595 555
636 555
661 555
174 556
469 556
517 556
543 556
547 556
568 556
611 556
625 556
685 556
168 557
192 557
516 557
554 557
574 557
577 557
588 557
631 557
664 557
671 557
12 558
89 558
116 558
164 558
536 558
537 558
560 558
561 558
572 558
580 558
584 558
631 558
639 558
646 558
658 558
664 558
3 559
15 559
40 559
96 559
99 559
518 559
544 559
545 559
581 559
130 560
528 560
542 560
543 560
546 560
558 560
562 560
564 560
572 560
573 560
574 560
576 560
579 560
580 560
584 560
588 560
589 560
597 560
601 560
608 560
624 560
629 560
631 560
646 560
659 560
664 560
676 560
680 560
532 561
543 561
547 561
558 561
566 561
599 561
606 561
621 561
642 561
154 562
163 562
327 562
340 562
430 562
540 562
560 562
573 562
589 562
605 562
623 562
624 562
629 562
640 562
650 562
651 562
659 562
665 562
666 562
668 562
676 562
89 563
124 563
151 563
550 563
583 563
592 563
616 563
645 563
652 563
469 564
514 564
543 564
547 564
560 564
566 564
569 564
580 564
597 564
606 564
611 564
621 564
625 564
71 565
127 565
132 565
266 565
339 565
443 565
547 565
555 565
578 565
11 566
124 566
153 566
157 566
262 566
461 566
462 566
465 566
469 566
511 566
514 566
532 566
543 566
547 566
553 566
561 566
564 566
599 566
606 566
611 566
612 566
621 566
682 566
63 567
124 567
180 567
208 567
386 567
526 567
539 567
544 567
553 567
532 568
537 568
543 568
556 568
584 568
587 568
611 568
658 568
664 568
682 568
514 569
540 569
543 569
547 569
555 569
564 569
612 569
625 569
628 569
642 569
685 569
514 570
532 570
542 570
547 570
606 570
621 570
630 570
644 570
682 570
514 571
532 571
543 571
547 571
572 571
576 571
578 571
606 571
612 571
621 571
625 571
639 571
642 571
685 571
532 572
537 572
547 572
558 572
560 572
571 572
576 572
580 572
606 572
621 572
685 572
504 573
560 573
562 573
574 573
588 573
605 573
610 573
624 573
629 573
640 573
650 573
668 573
127 574
130 574
520 574
557 574
560 574
573 574
577 574
588 574
629 574
631 574
655 574
671 574
26 575
65 575
81 575
93 575
104 575
254 575
534 575
589 575
602 575
620 575
683 575
469 576
489 576
532 576
543 576
547 576
560 576
571 576
572 576
606 576
628 576
641 576
642 576
658 576
682 576
685 576
168 577
192 577
516 577
554 577
557 577
574 577
588 577
631 577
664 577
671 577
2 578
452 578
519 578
533 578
565 578
571 578
591 578
609 578
625 578
640 578
672 578
354 579
396 579
523 579
536 579
560 579
588 579
590 579
605 579
609 579
626 579
637 579
665 579
667 579
671 579
12 580
89 580
113 580
155 580
188 580
191 580
202 580
537 580
558 580
560 580
564 580
572 580
584 580
631 580
658 580
664 580
3 581
15 581
40 581
96 581
99 581
518 581
544 581
545 581
559 581
156 582
160 582
181 582
182 582
525 582
529 582
552 582
588 582
598 582
601 582
615 582
617 582
626 582
629 582
632 582
635 582
637 582
649 582
674 582
675 582
681 582
533 583
563 583
608 583
618 583
645 583
656 583
657 583
663 583
666 583
667 583
77 584
82 584
202 584
498 584
537 584
553 584
558 584
560 584
568 584
580 584
605 584
611 584
631 584
658 584
664 584
4 585
103 585
114 585
264 585
280 585
534 585
589 585
648 585
657 585
678 585
66 586
89 586
218 586
246 586
263 586
338 586
369 586
374 586
515 586
624 586
652 586
24 587
522 587
543 587
547 587
568 587
606 587
621 587
638 587
648 587
670 587
677 587
682 587
116 588
557 588
560 588
573 588
574 588
577 588
579 588
582 588
600 588
601 588
616 588
629 588
631 588
637 588
668 588
671 588
62 589
67 589
429 589
519 589
522 589
527 589
531 589
534 589
549 589
554 589
560 589
562 589
575 589
585 589
607 589
613 589
617 589
627 589
633 589
634 589
647 589
650 589
657 589
665 589
669 589
672 589
673 589
676 589
680 589
85 590
227 590
285 590
287 590
340 590
354 590
483 590
485 590
533 590
579 590
591 590
624 590
659 590
676 590
681 590
76 591
130 591
362 591
515 591
519 591
533 591
578 591
590 591
659 591
672 591
339 592
390 592
545 592
546 592
563 592
600 592
661 592
677 592
680 592
67 593
151 593
160 593
182 593
527 593
529 593
541 593
617 593
627 593
633 593
657 593
674 593
340 594
516 594
521 594
531 594
546 594
596 594
603 594
653 594
655 594
674 594
677 594
678 594
682 594
523 595
530 595
535 595
555 595
623 595
626 595
637 595
681 595
683 595
520 596
546 596
594 596
600 596
603 596
653 596
669 596
677 596
678 596
62 597
550 597
560 597
564 597
604 597
616 597
619 597
646 597
683 597
62 598
158 598
163 598
167 598
327 598
341 598
445 598
492 598
528 598
582 598
644 598
647 598
652 598
656 598
662 598
11 599
124 599
153 599
154 599
175 599
198 599
241 599
342 599
368 599
457 599
493 599
521 599
561 599
566 599
608 599
132 600
155 600
458 600
519 600
525 600
546 600
548 600
588 600
592 600
596 600
602 600
653 600
655 600
665 600
669 600
672 600
2 601
35 601
75 601
418 601
538 601
544 601
560 601
582 601
588 601
626 601
629 601
631 601
649 601
656 601
675 601
679 601
681 601
62 602
383 602
515 602
519 602
522 602
575 602
600 602
620 602
672 602
522 603
530 603
546 603
594 603
596 603
605 603
607 603
653 603
677 603
678 603
515 604
530 604
550 604
597 604
619 604
627 604
661 604
668 604
683 604
34 605
522 605
562 605
573 605
579 605
584 605
603 605
648 605
666 605
137 606
191 606
456 606
469 606
482 606
489 606
494 606
514 606
532 606
543 606
547 606
561 606
564 606
566 606
570 606
571 606
572 606
576 606
587 606
621 606
625 606
628 606
630 606
641 606
664 606
685 606
4 607
152 607
522 607
528 607
531 607
589 607
603 607
613 607
634 607
653 607
676 607
678 607
171 608
175 608
335 608
349 608
521 608
560 608
583 608
599 608
653 608
656 608
663 608
79 609
132 609
138 609
167 609
213 609
285 609
354 609
414 609
431 609
578 609
579 609
625 609
652 609
656 609
143 610
167 610
528 610
573 610
639 610
647 610
656 610
662 610
663 610
680 610
162 611
317 611
537 611
556 611
564 611
566 611
568 611
584 611
664 611
176 612
445 612
469 612
514 612
532 612
543 612
547 612
566 612
569 612
571 612
621 612
685 612
4 613
67 613
126 613
264 613
268 613
309 613
325 613
523 613
531 613
551 613
589 613
607 613
633 613
657 613
35 614
47 614
360 614
416 614
515 614
622 614
626 614
637 614
667 614
525 615
529 615
552 615
582 615
632 615
635 615
636 615
649 615
651 615
131 616
549 616
550 616
563 616
588 616
597 616
620 616
648 616
652 616
156 617
160 617
181 617
182 617
190 617
217 617
529 617
541 617
582 617
589 617
593 617
633 617
674 617
111 618
121 618
396 618
534 618
551 618
583 618
656 618
657 618
663 618
680 618
104 619
130 619
526 619
550 619
597 619
604 619
624 619
650 619
654 619
684 619
55 620
243 620
535 620
575 620
602 620
616 620
623 620
634 620
645 620
661 620
191 621
193 621
456 621
469 621
494 621
514 621
532 621
536 621
543 621
547 621
548 621
561 621
564 621
566 621
570 621
571 621
572 621
587 621
606 621
612 621
630 621
641 621
664 621
682 621
685 621
35 622
47 622
116 622
158 622
163 622
184 622
312 622
357 622
454 622
457 622
459 622
614 622
640 622
523 623
535 623
562 623
595 623
620 623
629 623
645 623
661 623
666 623
80 624
117 624
533 624
536 624
546 624
547 624
560 624
562 624
573 624
586 624
590 624
619 624
659 624
684 624
315 625
465 625
467 625
469 625
494 625
514 625
532 625
543 625
547 625
556 625
564 625
569 625
571 625
578 625
606 625
609 625
628 625
641 625
642 625
685 625
299 626
515 626
524 626
530 626
579 626
582 626
595 626
601 626
614 626
629 626
637 626
673 626
683 626
30 627
165 627
522 627
524 627
527 627
589 627
593 627
604 627
650 627
668 627
679 627
514 628
536 628
543 628
547 628
569 628
576 628
606 628
625 628
636 628
642 628
646 628
685 628
13 629
25 629
35 629
512 629
529 629
530 629
538 629
542 629
552 629
560 629
562 629
573 629
574 629
582 629
588 629
601 629
623 629
626 629
650 629
663 629
668 629
675 629
676 629
679 629
514 630
532 630
542 630
547 630
570 630
606 630
621 630
644 630
682 630
127 631
208 631
520 631
557 631
558 631
560 631
574 631
577 631
580 631
584 631
588 631
601 631
646 631
658 631
664 631
525 632
529 632
552 632
582 632
615 632
635 632
636 632
649 632
651 632
67 633
133 633
151 633
154 633
155 633
156 633
160 633
202 633
525 633
529 633
589 633
593 633
613 633
617 633
657 633
669 633
674 633
147 634
243 634
300 634
384 634
503 634
589 634
607 634
620 634
645 634
661 634
11 635
37 635
525 635
582 635
615 635
632 635
636 635
649 635
651 635
143 636
268 636
376 636
396 636
542 636
555 636
615 636
628 636
632 636
635 636
644 636
646 636
651 636
9 637
55 637
73 637
131 637
272 637
279 637
299 637
515 637
530 637
536 637
541 637
579 637
582 637
588 637
595 637
614 637
626 637
648 637
667 637
668 637
674 637
679 637
681 637
159 638
522 638
528 638
543 638
552 638
587 638
653 638
665 638
670 638
674 638
469 639
532 639
536 639
537 639
542 639
543 639
547 639
558 639
571 639
610 639
641 639
662 639
679 639
35 640
47 640
126 640
127 640
527 640
562 640
573 640
578 640
622 640
641 640
354 641
469 641
536 641
543 641
547 641
576 641
606 641
621 641
625 641
639 641
640 641
47 642
153 642
467 642
468 642
469 642
488 642
489 642
498 642
508 642
511 642
514 642
543 642
547 642
561 642
569 642
571 642
576 642
625 642
628 642
685 642
2 643
115 643
120 643
157 643
168 643
187 643
192 643
285 643
316 643
362 643
390 643
437 643
462 643
485 643
510 643
540 643
62 644
243 644
522 644
542 644
570 644
598 644
630 644
636 644
685 644
219 645
309 645
523 645
534 645
535 645
563 645
583 645
620 645
623 645
634 645
661 645
666 645
667 645
683 645
543 646
547 646
550 646
558 646
560 646
597 646
628 646
631 646
636 646
664 646
681 646
106 647
143 647
167 647
517 647
528 647
531 647
538 647
589 647
598 647
610 647
653 647
656 647
662 647
670 647
677 647
24 648
522 648
530 648
531 648
533 648
551 648
585 648
587 648
605 648
616 648
637 648
653 648
655 648
670 648
673 648
674 648
677 648
682 648
202 649
264 649
525 649
529 649
582 649
601 649
615 649
632 649
635 649
681 649
6 650
520 650
522 650
527 650
562 650
573 650
589 650
619 650
627 650
629 650
663 650
668 650
680 650
11 651
515 651
525 651
550 651
562 651
615 651
632 651
635 651
636 651
11 652
124 652
550 652
563 652
586 652
598 652
609 652
616 652
661 652
24 653
117 653
171 653
340 653
418 653
516 653
521 653
522 653
531 653
533 653
542 653
546 653
594 653
596 653
600 653
603 653
607 653
608 653
638 653
647 653
648 653
655 653
659 653
676 653
677 653
678 653
682 653
264 654
289 654
292 654
295 654
334 654
415 654
526 654
619 654
684 654
17 655
213 655
459 655
509 655
551 655
574 655
594 655
600 655
648 655
653 655
657 655
674 655
677 655
682 655
17 656
67 656
167 656
517 656
520 656
528 656
534 656
538 656
583 656
598 656
601 656
608 656
609 656
610 656
618 656
647 656
657 656
662 656
663 656
666 656
679 656
680 656
4 657
67 657
126 657
264 657
273 657
309 657
523 657
531 657
534 657
538 657
549 657
551 657
583 657
585 657
589 657
593 657
613 657
618 657
633 657
655 657
656 657
663 657
669 657
673 657
680 657
532 658
537 658
558 658
568 658
576 658
580 658
584 658
631 658
664 658
685 658
117 659
171 659
246 659
263 659
274 659
275 659
523 659
546 659
560 659
562 659
590 659
591 659
624 659
653 659
4 660
302 660
351 660
353 660
371 660
461 660
464 660
524 660
533 660
684 660
243 661
535 661
555 661
592 661
604 661
620 661
623 661
634 661
645 661
652 661
666 661
667 661
683 661
528 662
536 662
598 662
610 662
639 662
647 662
656 662
663 662
670 662
538 663
583 663
608 663
610 663
618 663
629 663
650 663
656 663
657 663
662 663
666 663
669 663
680 663
537 664
553 664
557 664
558 664
560 664
568 664
577 664
580 664
584 664
606 664
611 664
621 664
631 664
646 664
658 664
671 664
67 665
192 665
516 665
522 665
540 665
552 665
562 665
579 665
589 665
600 665
638 665
666 665
528 666
538 666
562 666
583 666
605 666
623 666
645 666
656 666
661 666
663 666
665 666
272 667
515 667
521 667
522 667
550 667
579 667
583 667
614 667
637 667
645 667
661 667
5 668
162 668
562 668
573 668
588 668
604 668
627 668
629 668
637 668
650 668
133 669
197 669
325 669
418 669
517 669
528 669
589 669
596 669
600 669
633 669
657 669
663 669
143 670
522 670
527 670
528 670
551 670
587 670
638 670
647 670
648 670
662 670
682 670
516 671
543 671
557 671
574 671
577 671
579 671
588 671
664 671
682 671
62 672
158 672
519 672
523 672
531 672
578 672
589 672
591 672
600 672
602 672
49 673
73 673
122 673
530 673
531 673
551 673
589 673
626 673
648 673
657 673
674 673
677 673
24 674
151 674
156 674
159 674
160 674
181 674
182 674
188 674
190 674
202 674
516 674
525 674
529 674
533 674
541 674
582 674
593 674
594 674
617 674
633 674
637 674
638 674
648 674
655 674
673 674
677 674
682 674
2 675
18 675
45 675
119 675
544 675
582 675
601 675
629 675
681 675
70 676
152 676
167 676
340 676
542 676
546 676
560 676
562 676
589 676
590 676
607 676
629 676
653 676
678 676
24 677
520 677
522 677
531 677
533 677
546 677
587 677
592 677
594 677
596 677
603 677
647 677
648 677
653 677
655 677
673 677
674 677
678 677
682 677
4 678
533 678
546 678
585 678
594 678
596 678
603 678
607 678
653 678
676 678
677 678
74 679
94 679
223 679
530 679
538 679
601 679
627 679
629 679
637 679
639 679
656 679
147 680
163 680
492 680
528 680
549 680
554 680
560 680
589 680
592 680
610 680
618 680
650 680
656 680
657 680
663 680
525 681
529 681
582 681
590 681
595 681
601 681
637 681
646 681
649 681
675 681
24 682
514 682
516 682
522 682
527 682
531 682
532 682
533 682
543 682
547 682
551 682
566 682
568 682
570 682
576 682
587 682
594 682
621 682
630 682
648 682
653 682
655 682
670 682
671 682
674 682
677 682
53 683
521 683
523 683
530 683
535 683
575 683
595 683
597 683
604 683
626 683
645 683
661 683
15 684
34 684
130 684
284 684
292 684
526 684
535 684
619 684
624 684
654 684
660 684
67 685
70 685
153 685
191 685
193 685
444 685
467 685
468 685
469 685
483 685
488 685
489 685
492 685
494 685
498 685
510 685
511 685
514 685
532 685
543 685
547 685
556 685
569 685
571 685
572 685
576 685
606 685
612 685
621 685
625 685
628 685
642 685
644 685
658 685
