28 1
127 1
422 1
521 1
585 1
617 1
618 1
657 1
660 1
18 2
108 2
217 2
219 2
232 2
236 2
521 2
585 2
619 2
15 3
20 3
23 3
25 3
99 3
329 3
418 3
428 3
449 3
37 4
89 4
120 4
134 4
394 4
432 4
519 4
585 4
613 4
672 4
18 5
19 5
23 5
29 5
41 5
87 5
107 5
120 5
219 5
266 5
406 5
419 5
12 6
23 6
25 6
29 6
33 6
56 6
104 6
123 6
605 6
653 6
40 7
92 7
95 7
156 7
233 7
255 7
415 7
416 7
424 7
10 8
21 8
22 8
26 8
27 8
36 8
42 8
46 8
63 8
70 8
72 8
79 8
103 8
110 8
112 8
115 8
118 8
21 9
28 9
71 9
80 9
110 9
112 9
120 9
555 9
575 9
8 10
21 10
22 10
27 10
42 10
46 10
94 10
123 10
308 10
31 11
35 11
86 11
116 11
557 11
579 11
635 11
636 11
651 11
6 12
23 12
25 12
65 12
85 12
87 12
491 12
492 12
558 12
580 12
31 13
41 13
56 13
81 13
121 13
134 13
422 13
509 13
536 13
593 13
26 14
32 14
34 14
37 14
57 14
76 14
93 14
94 14
96 14
107 14
110 14
113 14
115 14
116 14
120 14
123 14
410 14
618 14
652 14
3 15
33 15
57 15
99 15
113 15
127 15
370 15
595 15
615 15
620 15
632 15
634 15
39 16
45 16
55 16
58 16
73 16
101 16
107 16
131 16
413 16
673 16
49 17
72 17
85 17
99 17
111 17
157 17
188 17
204 17
278 17
525 17
652 17
2 18
5 18
19 18
29 18
41 18
45 18
90 18
95 18
105 18
107 18
114 18
5 19
18 19
29 19
41 19
45 19
61 19
87 19
90 19
92 19
95 19
102 19
109 19
114 19
121 19
127 19
243 19
354 19
3 20
25 20
32 20
46 20
57 20
76 20
79 20
122 20
286 20
449 20
8 21
9 21
10 21
26 21
27 21
44 21
63 21
71 21
110 21
112 21
128 21
349 21
533 21
575 21
582 21
8 22
10 22
26 22
27 22
42 22
46 22
52 22
82 22
83 22
94 22
123 22
3 23
5 23
6 23
12 23
25 23
36 23
48 23
49 23
86 23
127 23
133 23
428 23
491 23
605 23
134 24
457 24
529 24
538 24
551 24
585 24
587 24
594 24
675 24
3 25
6 25
12 25
20 25
23 25
28 25
42 25
48 25
127 25
428 25
8 26
14 26
21 26
22 26
27 26
37 26
64 26
70 26
71 26
83 26
110 26
115 26
408 26
8 27
10 27
21 27
22 27
26 27
42 27
46 27
52 27
68 27
83 27
101 27
110 27
123 27
1 28
9 28
25 28
44 28
73 28
112 28
120 28
127 28
129 28
354 28
555 28
575 28
614 28
5 29
6 29
18 29
19 29
41 29
45 29
74 29
87 29
90 29
92 29
95 29
102 29
107 29
114 29
50 30
123 30
157 30
217 30
236 30
299 30
342 30
345 30
347 30
11 31
13 31
41 31
51 31
55 31
56 31
96 31
101 31
114 31
129 31
131 31
243 31
382 31
14 32
20 32
45 32
57 32
76 32
79 32
107 32
110 32
113 32
6 33
15 33
36 33
52 33
56 33
72 33
103 33
118 33
217 33
509 33
581 33
14 34
42 34
46 34
68 34
80 34
86 34
97 34
122 34
130 34
261 34
287 34
428 34
11 35
47 35
116 35
410 35
423 35
456 35
588 35
617 35
629 35
631 35
8 36
23 36
33 36
48 36
72 36
73 36
103 36
105 36
118 36
324 36
369 36
4 37
14 37
26 37
44 37
64 37
91 37
93 37
110 37
113 37
120 37
128 37
274 37
408 37
410 37
39 38
47 38
123 38
266 38
377 38
409 38
411 38
412 38
419 38
422 38
428 38
16 39
38 39
58 39
69 39
73 39
80 39
308 39
367 39
411 39
419 39
422 39
428 39
7 40
96 40
183 40
216 40
303 40
307 40
327 40
545 40
559 40
5 41
13 41
18 41
19 41
29 41
31 41
45 41
74 41
87 41
90 41
92 41
95 41
96 41
102 41
107 41
114 41
133 41
8 42
10 42
22 42
25 42
27 42
34 42
46 42
49 42
68 42
78 42
123 42
428 42
156 43
356 43
370 43
427 43
565 43
578 43
586 43
659 43
664 43
21 44
28 44
37 44
63 44
71 44
91 44
93 44
106 44
110 44
115 44
127 44
435 44
582 44
16 45
18 45
19 45
29 45
32 45
41 45
57 45
76 45
90 45
95 45
102 45
107 45
114 45
262 45
8 46
10 46
20 46
22 46
27 46
34 46
42 46
51 46
94 46
123 46
418 46
428 46
443 46
35 47
38 47
71 47
106 47
123 47
134 47
136 47
587 47
618 47
23 48
25 48
36 48
52 48
58 48
86 48
134 48
217 48
285 48
585 48
645 48
17 49
23 49
42 49
82 49
107 49
110 49
119 49
123 49
197 49
278 49
428 49
30 50
53 50
357 50
363 50
368 50
421 50
431 50
526 50
654 50
31 51
46 51
66 51
80 51
94 51
156 51
272 51
356 51
377 51
22 52
27 52
33 52
48 52
73 52
217 52
303 52
666 52
682 52
50 53
66 53
78 53
284 53
366 53
411 53
418 53
422 53
526 53
614 53
59 54
61 54
77 54
84 54
88 54
103 54
251 54
327 54
462 54
469 54
471 54
16 55
31 55
58 55
63 55
70 55
93 55
104 55
118 55
126 55
131 55
530 55
536 55
615 55
632 55
673 55
6 56
13 56
31 56
33 56
129 56
134 56
231 56
330 56
347 56
518 56
14 57
15 57
20 57
32 57
45 57
76 57
79 57
107 57
113 57
127 57
256 57
322 57
16 58
39 58
48 58
55 58
73 58
87 58
131 58
492 58
552 58
54 59
61 59
73 59
77 59
84 59
88 59
103 59
251 59
462 59
471 59
81 60
85 60
94 60
98 60
100 60
122 60
285 60
286 60
287 60
289 60
328 60
423 60
19 61
54 61
59 61
77 61
84 61
103 61
251 61
469 61
471 61
136 62
147 62
251 62
320 62
358 62
414 62
548 62
599 62
602 62
8 63
21 63
44 63
55 63
71 63
105 63
110 63
131 63
392 63
433 63
518 63
26 64
37 64
71 64
93 64
110 64
120 64
123 64
140 64
199 64
408 64
422 64
12 65
93 65
123 65
305 65
356 65
360 65
370 65
413 65
539 65
581 65
51 66
53 66
78 66
80 66
97 66
101 66
123 66
261 66
360 66
367 66
377 66
418 66
419 66
426 66
84 67
88 67
134 67
253 67
356 67
522 67
613 67
617 67
618 67
656 67
657 67
27 68
34 68
42 68
80 68
94 68
111 68
122 68
124 68
261 68
401 68
39 69
101 69
123 69
160 69
199 69
229 69
386 69
422 69
426 69
8 70
26 70
55 70
71 70
76 70
98 70
117 70
131 70
614 70
9 71
21 71
26 71
44 71
47 71
63 71
64 71
70 71
73 71
74 71
110 71
115 71
116 71
188 71
199 71
413 71
582 71
8 72
17 72
33 72
36 72
91 72
98 72
118 72
384 72
511 72
16 73
28 73
36 73
39 73
52 73
58 73
59 73
71 73
109 73
110 73
115 73
29 74
41 74
71 74
87 74
90 74
92 74
95 74
102 74
377 74
93 75
123 75
229 75
258 75
265 75
377 75
406 75
411 75
419 75
461 75
464 75
575 75
14 76
20 76
32 76
45 76
57 76
70 76
79 76
105 76
107 76
110 76
113 76
54 77
59 77
61 77
461 77
462 77
464 77
468 77
471 77
512 77
557 77
567 77
42 78
53 78
66 78
80 78
94 78
130 78
132 78
228 78
272 78
8 79
20 79
32 79
57 79
76 79
86 79
107 79
113 79
191 79
9 80
34 80
39 80
51 80
66 80
68 80
78 80
94 80
97 80
101 80
112 80
116 80
119 80
120 80
123 80
124 80
250 80
266 80
581 80
13 81
60 81
82 81
94 81
129 81
134 81
149 81
171 81
190 81
320 81
328 81
358 81
422 81
423 81
515 81
550 81
671 81
22 82
49 82
81 82
117 82
137 82
198 82
278 82
509 82
539 82
578 82
685 82
22 83
26 83
27 83
91 83
110 83
120 83
133 83
368 83
408 83
54 84
59 84
61 84
67 84
88 84
118 84
236 84
279 84
467 84
684 84
12 85
17 85
60 85
125 85
126 85
136 85
235 85
248 85
285 85
287 85
288 85
303 85
316 85
339 85
358 85
413 85
489 85
622 85
11 86
23 86
34 86
48 86
79 86
107 86
116 86
123 86
145 86
248 86
382 86
387 86
581 86
5 87
12 87
19 87
29 87
41 87
58 87
74 87
90 87
92 87
95 87
102 87
54 88
59 88
67 88
84 88
121 88
286 88
358 88
454 88
617 88
4 89
132 89
193 89
288 89
382 89
394 89
427 89
558 89
608 89
18 90
19 90
29 90
41 90
45 90
74 90
87 90
92 90
95 90
102 90
37 91
44 91
72 91
83 91
93 91
110 91
113 91
128 91
262 91
274 91
283 91
396 91
7 92
19 92
29 92
41 92
74 92
87 92
90 92
95 92
102 92
114 92
14 93
37 93
44 93
55 93
64 93
65 93
75 93
91 93
94 93
123 93
131 93
297 93
387 93
10 94
14 94
22 94
46 94
51 94
60 94
68 94
78 94
80 94
81 94
93 94
120 94
123 94
133 94
195 94
266 94
270 94
287 94
297 94
338 94
486 94
581 94
7 95
18 95
19 95
29 95
41 95
45 95
74 95
87 95
90 95
92 95
102 95
114 95
119 95
233 95
239 95
310 95
415 95
14 96
31 96
40 96
41 96
183 96
216 96
327 96
545 96
559 96
34 97
66 97
80 97
98 97
100 97
117 97
125 97
129 97
217 97
622 97
60 98
70 98
72 98
97 98
100 98
117 98
125 98
587 98
593 98
3 99
15 99
17 99
111 99
135 99
188 99
519 99
545 99
581 99
606 99
672 99
60 100
97 100
98 100
117 100
124 100
199 100
279 100
285 100
370 100
16 101
27 101
31 101
66 101
69 101
80 101
112 101
123 101
413 101
19 102
29 102
41 102
45 102
74 102
87 102
90 102
92 102
95 102
114 102
8 103
33 103
36 103
54 103
59 103
61 103
109 103
110 103
118 103
121 103
525 103
6 104
55 104
109 104
131 104
376 104
530 104
531 104
536 104
615 104
632 104
634 104
18 105
36 105
63 105
76 105
106 105
121 105
134 105
521 105
593 105
44 106
47 106
105 106
109 106
152 106
159 106
174 106
243 106
245 106
287 106
297 106
307 106
320 106
407 106
417 106
524 106
528 106
547 106
587 106
591 106
5 107
14 107
16 107
18 107
29 107
32 107
41 107
45 107
49 107
57 107
76 107
79 107
86 107
196 107
519 107
672 107
2 108
132 108
232 108
260 108
299 108
304 108
332 108
412 108
426 108
19 109
73 109
103 109
104 109
106 109
143 109
144 109
244 109
287 109
633 109
8 110
9 110
14 110
21 110
26 110
27 110
32 110
37 110
44 110
49 110
63 110
64 110
71 110
73 110
76 110
83 110
91 110
103 110
113 110
115 110
116 110
120 110
123 110
133 110
413 110
537 110
618 110
652 110
17 111
68 111
99 111
250 111
276 111
588 111
631 111
659 111
663 111
8 112
9 112
21 112
28 112
80 112
101 112
120 112
124 112
555 112
575 112
14 113
15 113
32 113
37 113
57 113
76 113
79 113
91 113
110 113
123 113
128 113
537 113
618 113
18 114
19 114
29 114
31 114
41 114
45 114
92 114
95 114
102 114
178 114
8 115
14 115
26 115
44 115
71 115
73 115
110 115
188 115
199 115
525 115
582 115
622 115
11 116
14 116
35 116
71 116
80 116
86 116
110 116
413 116
525 116
582 116
618 116
70 117
82 117
97 117
98 117
100 117
125 117
129 117
248 117
282 117
288 117
370 117
609 117
659 117
664 117
8 118
33 118
36 118
55 118
72 118
84 118
103 118
126 118
131 118
49 119
80 119
95 119
203 119
289 119
370 119
424 119
539 119
581 119
4 120
5 120
9 120
14 120
28 120
37 120
64 120
80 120
83 120
94 120
110 120
112 120
123 120
133 120
259 120
408 120
410 120
427 120
461 120
464 120
539 120
555 120
575 120
581 120
13 121
19 121
88 121
103 121
105 121
189 121
454 121
461 121
464 121
20 122
34 122
60 122
68 122
124 122
130 122
250 122
261 122
286 122
289 122
307 122
318 122
415 122
418 122
428 122
526 122
654 122
684 122
6 123
10 123
14 123
22 123
27 123
30 123
38 123
42 123
46 123
47 123
49 123
64 123
65 123
66 123
69 123
75 123
80 123
86 123
93 123
94 123
101 123
110 123
113 123
120 123
128 123
132 123
145 123
178 123
266 123
278 123
410 123
413 123
430 123
495 123
539 123
581 123
68 124
80 124
100 124
112 124
122 124
250 124
526 124
575 124
654 124
85 125
97 125
98 125
117 125
171 125
272 125
288 125
370 125
393 125
394 125
401 125
55 126
85 126
118 126
131 126
267 126
285 126
369 126
508 126
618 126
673 126
1 127
15 127
19 127
23 127
25 127
28 127
44 127
57 127
558 127
21 128
37 128
91 128
113 128
123 128
133 128
195 128
219 128
274 128
398 128
28 129
31 129
56 129
81 129
97 129
117 129
130 129
287 129
382 129
422 129
524 129
34 130
78 130
122 130
129 130
132 130
273 130
347 130
364 130
392 130
432 130
16 131
31 131
55 131
58 131
63 131
70 131
93 131
104 131
118 131
126 131
530 131
536 131
615 131
632 131
673 131
78 132
89 132
108 132
123 132
130 132
232 132
278 132
309 132
349 132
380 132
394 132
443 132
629 132
23 133
41 133
83 133
94 133
110 133
120 133
128 133
615 133
632 133
4 134
13 134
24 134
47 134
48 134
56 134
67 134
81 134
105 134
250 134
328 134
383 134
399 134
422 134
518 134
585 134
587 134
99 135
137 135
160 135
179 135
198 135
358 135
378 135
422 135
608 135
47 136
62 136
85 136
147 136
210 136
246 136
455 136
625 136
637 136
82 137
135 137
160 137
178 137
198 137
245 137
257 137
267 137
277 137
335 137
354 137
414 137
444 137
446 137
454 137
498 137
569 137
665 137
685 137
145 138
150 138
199 138
204 138
205 138
206 138
382 138
427 138
581 138
142 139
143 139
148 139
169 139
180 139
189 139
204 139
207 139
212 139
214 139
64 140
146 140
197 140
203 140
205 140
206 140
207 140
542 140
662 140
143 141
148 141
149 141
150 141
200 141
204 141
211 141
212 141
341 141
139 142
197 142
204 142
205 142
206 142
207 142
209 142
212 142
259 142
109 143
139 143
141 143
144 143
148 143
149 143
161 143
169 143
180 143
189 143
197 143
200 143
201 143
203 143
204 143
205 143
206 143
207 143
209 143
211 143
212 143
214 143
109 144
143 144
145 144
146 144
197 144
201 144
205 144
207 144
212 144
86 145
123 145
138 145
144 145
196 145
200 145
203 145
205 145
207 145
210 145
539 145
140 146
144 146
163 146
196 146
197 146
200 146
205 146
206 146
207 146
213 146
621 146
62 147
136 147
208 147
215 147
258 147
312 147
425 147
440 147
489 147
609 147
139 148
141 148
143 148
150 148
161 148
166 148
169 148
180 148
187 148
189 148
200 148
203 148
204 148
207 148
209 148
212 148
214 148
215 148
81 149
141 149
143 149
180 149
189 149
190 149
200 149
211 149
214 149
358 149
138 150
141 150
148 150
172 150
201 150
204 150
205 150
206 150
209 150
155 151
175 151
184 151
202 151
517 151
523 151
558 151
591 151
617 151
627 151
633 151
649 151
106 152
216 152
217 152
302 152
307 152
329 152
343 152
515 152
517 152
162 153
179 153
196 153
208 153
252 153
358 153
430 153
598 153
611 153
614 153
676 153
162 154
166 154
180 154
181 154
182 154
187 154
189 154
194 154
202 154
541 154
617 154
633 154
649 154
653 154
151 155
185 155
186 155
192 155
517 155
553 155
595 155
617 155
627 155
649 155
653 155
7 156
43 156
51 156
160 156
182 156
188 156
233 156
245 156
272 156
288 156
339 156
356 156
370 156
415 156
424 156
427 156
541 156
633 156
653 156
17 157
30 157
162 157
175 157
202 157
225 157
321 157
362 157
590 157
164 158
172 158
190 158
284 158
325 158
444 158
495 158
655 158
667 158
106 159
174 159
175 159
176 159
180 159
181 159
185 159
191 159
201 159
232 159
295 159
69 160
135 160
137 160
156 160
179 160
182 160
188 160
246 160
258 160
320 160
339 160
541 160
547 160
606 160
649 160
653 160
143 161
148 161
169 161
175 161
177 161
180 161
181 161
187 161
189 161
214 161
153 162
154 162
157 162
175 162
179 162
186 162
202 162
541 162
614 162
146 163
192 163
197 163
201 163
204 163
209 163
210 163
216 163
465 163
515 163
543 163
158 164
165 164
173 164
192 164
444 164
457 164
471 164
580 164
588 164
631 164
655 164
164 165
170 165
192 165
528 165
598 165
638 165
647 165
655 165
656 165
669 165
670 165
680 165
148 166
154 166
167 166
168 166
169 166
172 166
181 166
182 166
187 166
189 166
194 166
203 166
653 166
166 167
168 167
172 167
182 167
184 167
192 167
517 167
541 167
588 167
610 167
631 167
166 168
167 168
192 168
284 168
350 168
540 168
552 168
609 168
638 168
643 168
660 168
139 169
143 169
148 169
161 169
166 169
180 169
187 169
189 169
214 169
165 170
173 170
208 170
210 170
215 170
242 170
253 170
258 170
655 170
81 171
125 171
193 171
224 171
283 171
439 171
457 171
517 171
550 171
150 172
158 172
166 172
167 172
362 172
512 172
539 172
554 172
578 172
610 172
164 173
170 173
190 173
264 173
284 173
357 173
420 173
583 173
652 173
655 173
106 174
159 174
175 174
176 174
180 174
181 174
185 174
191 174
201 174
232 174
295 174
151 175
157 175
159 175
161 175
162 175
174 175
176 175
177 175
180 175
181 175
184 175
185 175
186 175
187 175
202 175
159 176
174 176
175 176
177 176
180 176
181 176
185 176
214 176
279 176
161 177
175 177
176 177
181 177
182 177
185 177
201 177
379 177
564 177
114 178
123 178
137 178
222 178
430 178
444 178
569 178
583 178
624 178
135 179
153 179
160 179
162 179
184 179
191 179
202 179
233 179
430 179
614 179
139 180
143 180
148 180
149 180
154 180
159 180
161 180
169 180
174 180
175 180
176 180
181 180
184 180
186 180
187 180
189 180
194 180
202 180
210 180
214 180
340 180
447 180
448 180
539 180
154 181
159 181
161 181
166 181
174 181
175 181
176 181
177 181
180 181
185 181
187 181
435 181
154 182
156 182
160 182
166 182
167 182
177 182
186 182
188 182
189 182
194 182
202 182
540 182
541 182
552 182
582 182
593 182
617 182
633 182
643 182
649 182
653 182
40 183
96 183
195 183
216 183
378 183
545 183
559 183
620 183
634 183
151 184
167 184
175 184
179 184
180 184
202 184
244 184
323 184
405 184
155 185
159 185
174 185
175 185
176 185
177 185
181 185
192 185
244 185
518 185
614 185
155 186
162 186
175 186
180 186
182 186
192 186
202 186
328 186
653 186
148 187
154 187
161 187
166 187
169 187
175 187
180 187
181 187
189 187
200 187
214 187
435 187
17 188
71 188
99 188
115 188
156 188
160 188
182 188
194 188
198 188
285 188
541 188
582 188
652 188
675 188
121 189
139 189
143 189
148 189
149 189
154 189
161 189
166 189
169 189
180 189
182 189
187 189
200 189
201 189
204 189
209 189
211 189
212 189
214 189
447 189
81 190
149 190
158 190
173 190
210 190
227 190
325 190
544 190
549 190
550 190
598 190
601 190
603 190
625 190
642 190
644 190
79 191
159 191
174 191
179 191
193 191
202 191
470 191
532 191
540 191
571 191
639 191
643 191
155 192
163 192
164 192
165 192
167 192
168 192
185 192
186 192
215 192
443 192
517 192
540 192
553 192
560 192
588 192
631 192
638 192
643 192
655 192
89 193
171 193
191 193
224 193
246 193
532 193
547 193
564 193
571 193
639 193
642 193
658 193
682 193
154 194
166 194
180 194
182 194
188 194
340 194
435 194
541 194
582 194
653 194
94 195
128 195
183 195
198 195
204 195
246 195
378 195
465 195
483 195
495 195
107 196
145 196
146 196
153 196
197 196
205 196
207 196
358 196
375 196
49 197
140 197
142 197
143 197
144 197
146 197
163 197
196 197
205 197
206 197
207 197
213 197
215 197
261 197
553 197
82 198
135 198
137 198
188 198
195 198
337 198
420 198
425 198
671 198
64 199
69 199
71 199
100 199
115 199
138 199
207 199
287 199
427 199
488 199
141 200
143 200
145 200
146 200
148 200
149 200
187 200
189 200
203 200
204 200
207 200
210 200
211 200
143 201
144 201
150 201
159 201
163 201
174 201
177 201
189 201
204 201
209 201
340 201
465 201
495 201
151 202
154 202
157 202
162 202
175 202
179 202
180 202
182 202
184 202
186 202
191 202
558 202
653 202
664 202
119 203
140 203
143 203
145 203
148 203
166 203
200 203
204 203
209 203
211 203
212 203
539 203
17 204
138 204
139 204
141 204
142 204
143 204
148 204
150 204
163 204
189 204
195 204
200 204
201 204
203 204
207 204
209 204
210 204
213 204
138 205
140 205
142 205
143 205
144 205
145 205
146 205
150 205
196 205
197 205
206 205
207 205
213 205
644 205
138 206
140 206
142 206
143 206
146 206
150 206
197 206
205 206
207 206
213 206
215 206
248 206
542 206
139 207
140 207
142 207
143 207
144 207
145 207
146 207
148 207
196 207
197 207
199 207
200 207
204 207
205 207
206 207
209 207
210 207
212 207
213 207
215 207
468 207
147 208
153 208
170 208
210 208
214 208
215 208
248 208
258 208
547 208
554 208
583 208
644 208
655 208
142 209
143 209
148 209
150 209
163 209
189 209
201 209
203 209
204 209
207 209
136 210
145 210
163 210
170 210
180 210
190 210
200 210
204 210
207 210
208 210
211 210
214 210
235 210
300 210
484 210
565 210
591 210
608 210
141 211
143 211
149 211
189 211
200 211
203 211
210 211
212 211
539 211
139 212
141 212
142 212
143 212
144 212
148 212
189 212
203 212
207 212
211 212
214 212
467 212
146 213
197 213
204 213
205 213
206 213
207 213
215 213
559 213
644 213
139 214
143 214
148 214
149 214
161 214
169 214
176 214
180 214
187 214
189 214
208 214
210 214
212 214
215 214
447 214
448 214
147 215
148 215
170 215
192 215
197 215
206 215
207 215
208 215
213 215
214 215
258 215
40 216
96 216
152 216
163 216
183 216
306 216
378 216
545 216
559 216
2 217
30 217
33 217
48 217
52 217
97 217
152 217
272 217
282 217
356 217
413 217
422 217
424 217
581 217
223 218
280 218
295 218
322 218
330 218
338 218
402 218
430 218
550 218
683 218
2 219
5 219
128 219
222 219
287 219
320 219
397 219
422 219
515 219
521 219
228 220
288 220
308 220
348 220
367 220
398 220
401 220
422 220
550 220
269 221
273 221
275 221
323 221
361 221
363 221
364 221
395 221
396 221
406 221
442 221
178 222
219 222
237 222
316 222
359 222
395 222
397 222
405 222
444 222
515 222
218 223
225 223
227 223
247 223
264 223
300 223
374 223
436 223
683 223
171 224
193 224
255 224
333 224
419 224
429 224
439 224
454 224
524 224
157 225
223 225
273 225
301 225
319 225
362 225
363 225
367 225
373 225
374 225
381 225
386 225
387 225
390 225
398 225
403 225
412 225
437 225
439 225
440 225
255 226
256 226
260 226
267 226
311 226
396 226
420 226
425 226
437 226
190 227
223 227
235 227
238 227
241 227
303 227
307 227
326 227
327 227
336 227
344 227
625 227
642 227
78 228
220 228
269 228
308 228
348 228
351 228
352 228
364 228
367 228
401 228
407 228
426 228
69 229
75 229
276 229
277 229
293 229
301 229
359 229
360 229
363 229
367 229
368 229
377 229
385 229
398 229
406 229
409 229
411 229
412 229
419 229
422 229
426 229
244 230
280 230
289 230
314 230
322 230
330 230
381 230
388 230
389 230
415 230
420 230
56 231
234 231
237 231
255 231
290 231
303 231
305 231
313 231
330 231
360 231
425 231
2 232
108 232
132 232
159 232
174 232
282 232
304 232
356 232
363 232
371 232
386 232
602 232
7 233
95 233
156 233
179 233
272 233
276 233
356 233
370 233
415 233
424 233
231 234
237 234
246 234
253 234
255 234
256 234
270 234
280 234
281 234
290 234
296 234
302 234
303 234
310 234
313 234
316 234
317 234
321 234
322 234
329 234
330 234
370 234
388 234
389 234
415 234
416 234
425 234
430 234
435 234
85 235
210 235
227 235
271 235
306 235
348 235
350 235
368 235
393 235
440 235
2 236
30 236
84 236
282 236
341 236
347 236
383 236
385 236
426 236
432 236
684 236
222 237
231 237
234 237
242 237
299 237
304 237
324 237
378 237
389 237
425 237
227 238
241 238
282 238
336 238
411 238
422 238
476 238
481 238
609 238
95 239
254 239
256 239
292 239
304 239
305 239
311 239
324 239
415 239
260 240
291 240
332 240
335 240
358 240
375 240
376 240
468 240
667 240
227 241
238 241
268 241
307 241
310 241
327 241
336 241
526 241
654 241
170 242
237 242
253 242
324 242
383 242
417 242
548 242
586 242
637 242
19 243
31 243
106 243
258 243
290 243
306 243
307 243
333 243
362 243
548 243
109 244
184 244
185 244
230 244
309 244
312 244
323 244
404 244
425 244
106 245
137 245
156 245
258 245
292 245
296 245
339 245
547 245
606 245
136 246
160 246
193 246
195 246
234 246
276 246
312 246
335 246
339 246
414 246
603 246
606 246
223 247
262 247
264 247
268 247
277 247
278 247
284 247
300 247
350 247
367 247
372 247
374 247
394 247
397 247
398 247
414 247
433 247
434 247
439 247
442 247
544 247
85 248
86 248
117 248
206 248
208 248
284 248
287 248
328 248
403 248
259 249
292 249
294 249
341 249
357 249
359 249
392 249
395 249
431 249
441 249
80 250
111 250
122 250
124 250
134 250
261 250
276 250
285 250
328 250
418 250
54 251
59 251
61 251
62 251
255 251
299 251
321 251
329 251
337 251
370 251
425 251
153 252
273 252
334 252
335 252
386 252
405 252
477 252
492 252
501 252
67 253
170 253
234 253
242 253
266 253
280 253
311 253
338 253
425 253
429 253
541 253
583 253
239 254
256 254
260 254
292 254
311 254
313 254
425 254
429 254
437 254
7 255
224 255
226 255
231 255
234 255
251 255
270 255
272 255
282 255
291 255
297 255
304 255
313 255
317 255
324 255
329 255
330 255
332 255
370 255
396 255
399 255
416 255
420 255
421 255
425 255
435 255
684 255
57 256
226 256
234 256
239 256
254 256
280 256
281 256
292 256
305 256
311 256
313 256
316 256
322 256
330 256
389 256
400 256
420 256
425 256
429 256
137 257
315 257
326 257
344 257
444 257
448 257
461 257
464 257
498 257
75 258
147 258
160 258
170 258
208 258
215 258
243 258
245 258
263 258
275 258
282 258
287 258
296 258
325 258
362 258
423 258
547 258
120 259
142 259
249 259
264 259
294 259
341 259
350 259
372 259
417 259
437 259
108 260
226 260
240 260
254 260
291 260
301 260
311 260
332 260
334 260
356 260
363 260
367 260
375 260
376 260
395 260
34 261
66 261
68 261
122 261
197 261
250 261
316 261
328 261
418 261
428 261
45 262
91 262
247 262
278 262
285 262
297 262
396 262
573 262
597 262
258 263
275 263
279 263
282 263
296 263
301 263
318 263
339 263
394 263
416 263
423 263
173 264
223 264
247 264
259 264
300 264
350 264
361 264
372 264
374 264
394 264
433 264
434 264
442 264
75 265
293 265
348 265
389 265
461 265
464 265
530 265
597 265
665 265
5 266
38 266
80 266
94 266
123 266
253 266
436 266
495 266
539 266
126 267
137 267
226 267
285 267
303 267
316 267
318 267
326 267
328 267
344 267
392 267
437 267
545 267
241 268
247 268
286 268
289 268
307 268
342 268
366 268
427 268
526 268
573 268
654 268
221 269
228 269
293 269
308 269
314 269
315 269
346 269
347 269
348 269
351 269
352 269
355 269
364 269
378 269
384 269
390 269
393 269
401 269
405 269
407 269
432 269
438 269
441 269
94 270
234 270
255 270
313 270
317 270
321 270
330 270
370 270
388 270
235 271
299 271
315 271
335 271
340 271
347 271
367 271
404 271
432 271
441 271
51 272
78 272
125 272
156 272
217 272
233 272
255 272
282 272
288 272
304 272
356 272
370 272
396 272
415 272
416 272
424 272
526 272
624 272
654 272
684 272
130 273
221 273
225 273
252 273
400 273
412 273
436 273
437 273
442 273
37 274
91 274
128 274
283 274
295 274
309 274
313 274
330 274
335 274
550 274
597 274
221 275
258 275
263 275
282 275
293 275
296 275
318 275
332 275
356 275
363 275
367 275
392 275
421 275
111 276
229 276
233 276
246 276
250 276
282 276
296 276
301 276
319 276
373 276
377 276
381 276
390 276
401 276
412 276
439 276
137 277
229 277
247 277
300 277
326 277
344 277
371 277
372 277
445 277
518 277
17 278
49 278
82 278
123 278
132 278
247 278
262 278
303 278
539 278
84 279
100 279
176 279
263 279
299 279
341 279
383 279
459 279
548 279
551 279
585 279
218 280
230 280
234 280
253 280
256 280
281 280
302 280
305 280
311 280
313 280
322 280
329 280
330 280
386 280
388 280
389 280
429 280
684 280
234 281
256 281
280 281
302 281
305 281
322 281
329 281
330 281
333 281
365 281
554 281
117 282
217 282
232 282
236 282
238 282
255 282
258 282
263 282
272 282
275 282
276 282
283 282
284 282
285 282
288 282
297 282
301 282
305 282
332 282
339 282
356 282
381 282
412 282
423 282
429 282
439 282
486 282
91 283
171 283
274 283
282 283
309 283
483 283
495 283
520 283
560 283
567 283
671 283
53 284
158 284
168 284
173 284
247 284
248 284
282 284
366 284
368 284
495 284
514 284
551 284
48 285
60 285
85 285
100 285
126 285
188 285
250 285
262 285
267 285
282 285
287 285
289 285
328 285
369 285
622 285
682 285
20 286
60 286
88 286
122 286
268 286
342 286
345 286
347 286
351 286
355 286
377 286
407 286
413 286
419 286
432 286
433 286
435 286
467 286
473 286
34 287
60 287
85 287
94 287
106 287
109 287
129 287
199 287
219 287
248 287
258 287
285 287
524 287
602 287
85 288
89 288
117 288
125 288
156 288
220 288
272 288
282 288
298 288
306 288
370 288
415 288
443 288
659 288
60 289
119 289
122 289
230 289
268 289
285 289
347 289
415 289
684 289
231 290
234 290
243 290
295 290
306 290
310 290
328 290
330 290
423 290
425 290
240 291
255 291
260 291
301 291
317 291
319 291
332 291
373 291
375 291
376 291
390 291
399 291
412 291
437 291
667 291
239 292
245 292
249 292
254 292
256 292
317 292
341 292
347 292
392 292
418 292
424 292
429 292
441 292
229 293
265 293
269 293
275 293
296 293
363 293
364 293
367 293
378 293
393 293
398 293
403 293
249 294
259 294
323 294
341 294
357 294
364 294
392 294
395 294
408 294
412 294
431 294
513 294
159 295
174 295
218 295
274 295
290 295
306 295
310 295
340 295
520 295
234 296
245 296
258 296
263 296
275 296
276 296
293 296
317 296
318 296
325 296
328 296
416 296
423 296
424 296
93 297
94 297
106 297
255 297
262 297
282 297
337 297
415 297
433 297
495 297
288 298
315 298
347 298
351 298
366 298
432 298
441 298
526 298
654 298
30 299
108 299
237 299
251 299
271 299
279 299
317 299
383 299
646 299
210 300
223 300
247 300
264 300
277 300
357 300
361 300
371 300
372 300
374 300
392 300
397 300
434 300
442 300
225 301
229 301
260 301
263 301
276 301
282 301
291 301
318 301
332 301
356 301
359 301
363 301
375 301
390 301
396 301
412 301
152 302
234 302
280 302
281 302
313 302
329 302
330 302
333 302
365 302
425 302
40 303
52 303
85 303
227 303
231 303
234 303
267 303
278 303
316 303
328 303
334 303
335 303
337 303
399 303
425 303
108 304
232 304
237 304
239 304
255 304
272 304
320 304
324 304
335 304
342 304
351 304
356 304
396 304
624 304
65 305
231 305
239 305
256 305
280 305
281 305
282 305
322 305
399 305
216 306
235 306
243 306
288 306
290 306
295 306
310 306
340 306
434 306
40 307
106 307
122 307
152 307
227 307
241 307
243 307
268 307
320 307
327 307
342 307
383 307
684 307
10 308
39 308
220 308
228 308
269 308
355 308
367 308
398 308
401 308
402 308
414 308
428 308
431 308
455 308
132 309
244 309
274 309
283 309
335 309
349 309
399 309
493 309
495 309
658 309
95 310
234 310
241 310
290 310
295 310
306 310
313 310
330 310
434 310
226 311
239 311
253 311
254 311
256 311
260 311
280 311
322 311
386 311
429 311
430 311
147 312
244 312
246 312
314 312
335 312
339 312
347 312
353 312
404 312
407 312
441 312
471 312
231 313
234 313
254 313
255 313
256 313
270 313
274 313
280 313
302 313
310 313
317 313
321 313
329 313
330 313
333 313
337 313
365 313
370 313
415 313
425 313
430 313
524 313
230 314
269 314
312 314
315 314
346 314
347 314
388 314
389 314
432 314
441 314
609 314
257 315
269 315
271 315
298 315
314 315
347 315
348 315
364 315
367 315
384 315
393 315
403 315
405 315
438 315
441 315
85 316
222 316
234 316
256 316
261 316
267 316
303 316
337 316
366 316
425 316
234 317
255 317
270 317
291 317
292 317
296 317
299 317
313 317
321 317
370 317
475 317
553 317
122 318
263 318
267 318
275 318
296 318
301 318
371 318
414 318
418 318
449 318
455 318
225 319
276 319
291 319
338 319
363 319
367 319
373 319
381 319
390 319
412 319
62 320
81 320
106 320
160 320
219 320
304 320
307 320
338 320
358 320
383 320
157 321
234 321
251 321
270 321
313 321
317 321
495 321
562 321
563 321
57 322
218 322
230 322
234 322
256 322
280 322
281 322
305 322
311 322
329 322
330 322
388 322
389 322
400 322
184 323
221 323
244 323
294 323
355 323
357 323
392 323
395 323
431 323
36 324
237 324
239 324
242 324
255 324
304 324
333 324
365 324
416 324
456 324
158 325
190 325
258 325
296 325
329 325
333 325
416 325
423 325
428 325
659 325
227 326
257 326
267 326
277 326
343 326
344 326
346 326
347 326
348 326
441 326
461 326
464 326
484 326
539 326
40 327
54 327
96 327
227 327
241 327
307 327
339 327
358 327
379 327
471 327
526 327
654 327
60 328
81 328
134 328
186 328
248 328
250 328
261 328
267 328
285 328
290 328
296 328
303 328
399 328
423 328
428 328
466 328
3 329
152 329
234 329
251 329
255 329
280 329
281 329
302 329
313 329
322 329
325 329
330 329
333 329
365 329
415 329
416 329
425 329
56 330
218 330
230 330
231 330
234 330
255 330
256 330
270 330
274 330
280 330
281 330
290 330
302 330
310 330
313 330
322 330
329 330
333 330
370 330
388 330
389 330
415 330
425 330
342 331
347 331
351 331
352 331
353 331
355 331
391 331
400 331
407 331
412 331
432 331
439 331
108 332
240 332
255 332
260 332
275 332
282 332
291 332
301 332
370 332
375 332
376 332
224 333
243 333
281 333
302 333
313 333
324 333
325 333
329 333
330 333
365 333
416 333
428 333
252 334
260 334
303 334
335 334
337 334
356 334
363 334
399 334
421 334
489 334
137 335
240 335
246 335
252 335
271 335
274 335
303 335
304 335
309 335
312 335
334 335
337 335
347 335
358 335
369 335
396 335
399 335
421 335
586 335
624 335
227 336
238 336
241 336
367 336
378 336
391 336
393 336
398 336
434 336
481 336
489 336
198 337
251 337
297 337
303 337
313 337
316 337
334 337
335 337
420 337
425 337
94 338
218 338
253 338
319 338
320 338
340 338
373 338
383 338
387 338
430 338
433 338
666 338
85 339
156 339
160 339
245 339
246 339
263 339
282 339
312 339
327 339
392 339
404 339
180 340
194 340
201 340
271 340
295 340
306 340
338 340
420 340
421 340
141 341
236 341
249 341
259 341
279 341
292 341
294 341
350 341
383 341
392 341
393 341
394 341
437 341
30 342
268 342
286 342
304 342
307 342
331 342
345 342
347 342
349 342
351 342
355 342
364 342
366 342
379 342
402 342
432 342
152 343
326 343
344 343
345 343
346 343
347 343
348 343
351 343
407 343
438 343
227 344
257 344
267 344
277 344
326 344
343 344
346 344
347 344
348 344
441 344
461 344
464 344
484 344
539 344
30 345
286 345
342 345
343 345
347 345
348 345
351 345
353 345
388 345
407 345
409 345
438 345
269 346
314 346
326 346
343 346
344 346
347 346
348 346
351 346
355 346
364 346
378 346
384 346
393 346
405 346
407 346
438 346
441 346
30 347
56 347
130 347
236 347
269 347
271 347
286 347
289 347
292 347
298 347
312 347
314 347
315 347
326 347
331 347
335 347
342 347
343 347
344 347
345 347
346 347
348 347
351 347
355 347
362 347
364 347
366 347
393 347
400 347
404 347
405 347
407 347
432 347
436 347
438 347
441 347
220 348
228 348
235 348
265 348
269 348
315 348
326 348
343 348
344 348
345 348
346 348
347 348
351 348
352 348
358 348
362 348
364 348
372 348
378 348
380 348
384 348
391 348
393 348
395 348
404 348
405 348
407 348
432 348
438 348
473 348
21 349
132 349
309 349
342 349
355 349
391 349
392 349
397 349
431 349
437 349
168 350
235 350
247 350
259 350
264 350
341 350
359 350
387 350
432 350
437 350
517 350
228 351
269 351
286 351
298 351
304 351
331 351
342 351
343 351
345 351
346 351
347 351
348 351
352 351
353 351
355 351
358 351
362 351
379 351
380 351
391 351
402 351
405 351
407 351
409 351
413 351
431 351
432 351
436 351
438 351
473 351
228 352
269 352
331 352
348 352
351 352
355 352
380 352
391 352
438 352
312 353
331 353
345 353
351 353
355 353
367 353
379 353
390 353
401 353
402 353
403 353
19 354
28 354
137 354
443 354
445 354
459 354
465 354
494 354
622 354
269 355
286 355
308 355
323 355
331 355
342 355
346 355
347 355
349 355
351 355
352 355
353 355
357 355
364 355
380 355
392 355
401 355
402 355
403 355
404 355
407 355
431 355
432 355
43 356
51 356
65 356
67 356
156 356
217 356
232 356
233 356
260 356
272 356
275 356
282 356
301 356
304 356
334 356
363 356
367 356
377 356
401 356
424 356
427 356
50 357
173 357
249 357
294 357
300 357
323 357
355 357
361 357
368 357
371 357
392 357
395 357
414 357
431 357
432 357
513 357
567 357
652 357
62 358
81 358
85 358
88 358
135 358
149 358
153 358
196 358
240 358
320 358
327 358
335 358
348 358
351 358
368 358
375 358
376 358
379 358
383 358
393 358
407 358
417 358
422 358
457 358
549 358
609 358
624 358
222 359
229 359
249 359
301 359
350 359
360 359
363 359
367 359
377 359
398 359
412 359
436 359
439 359
65 360
66 360
229 360
231 360
359 360
363 360
367 360
377 360
398 360
439 360
470 360
581 360
221 361
264 361
300 361
357 361
363 361
368 361
392 361
395 361
396 361
397 361
398 361
431 361
436 361
442 361
157 362
172 362
225 362
243 362
258 362
347 362
348 362
351 362
407 362
438 362
473 362
50 363
221 363
225 363
229 363
232 363
260 363
275 363
293 363
301 363
319 363
334 363
356 363
359 363
360 363
361 363
367 363
368 363
373 363
377 363
386 363
391 363
395 363
396 363
397 363
398 363
403 363
409 363
412 363
431 363
436 363
439 363
442 363
513 363
130 364
221 364
228 364
269 364
293 364
294 364
315 364
342 364
346 364
347 364
348 364
355 364
378 364
384 364
386 364
393 364
402 364
403 364
408 364
431 364
432 364
438 364
441 364
473 364
513 364
281 365
302 365
313 365
324 365
329 365
333 365
371 365
416 365
554 365
53 366
268 366
284 366
298 366
316 366
342 366
347 366
379 366
389 366
432 366
39 367
66 367
220 367
225 367
228 367
229 367
247 367
260 367
271 367
275 367
293 367
308 367
315 367
319 367
336 367
353 367
356 367
359 367
360 367
363 367
373 367
377 367
384 367
386 367
390 367
393 367
396 367
398 367
401 367
403 367
404 367
439 367
50 368
83 368
229 368
235 368
284 368
357 368
358 368
361 368
363 368
372 368
374 368
377 368
385 368
397 368
398 368
408 368
411 368
422 368
431 368
437 368
439 368
513 368
36 369
126 369
285 369
335 369
371 369
372 369
437 369
586 369
684 369
15 370
43 370
65 370
100 370
117 370
119 370
125 370
156 370
233 370
234 370
251 370
255 370
270 370
272 370
288 370
313 370
317 370
330 370
332 370
415 370
416 370
418 370
420 370
421 370
424 370
425 370
620 370
624 370
634 370
232 371
277 371
300 371
318 371
357 371
365 371
369 371
372 371
602 371
619 371
247 372
259 372
264 372
277 372
300 372
348 372
368 372
369 372
371 372
437 372
440 372
225 373
276 373
291 373
319 373
338 373
363 373
367 373
381 373
390 373
412 373
223 374
225 374
247 374
264 374
300 374
368 374
392 374
394 374
400 374
417 374
432 374
442 374
196 375
240 375
260 375
291 375
301 375
332 375
358 375
376 375
396 375
468 375
104 376
240 376
260 376
291 376
332 376
358 376
375 376
468 376
667 376
38 377
51 377
66 377
74 377
75 377
229 377
276 377
286 377
356 377
359 377
360 377
363 377
367 377
368 377
385 377
396 377
398 377
406 377
409 377
411 377
417 377
419 377
426 377
135 378
183 378
195 378
216 378
237 378
269 378
293 378
336 378
346 378
348 378
364 378
386 378
390 378
393 378
177 379
327 379
342 379
351 379
353 379
358 379
366 379
407 379
421 379
132 380
348 380
351 380
352 380
355 380
391 380
392 380
393 380
402 380
431 380
225 381
230 381
276 381
282 381
319 381
373 381
390 381
393 381
412 381
420 381
31 382
86 382
89 382
129 382
138 382
387 382
558 382
581 382
623 382
134 383
236 383
242 383
279 383
299 383
307 383
320 383
338 383
341 383
358 383
548 383
72 384
269 384
315 384
346 384
348 384
364 384
367 384
391 384
393 384
438 384
229 385
236 385
368 385
377 385
398 385
406 385
411 385
417 385
419 385
426 385
69 386
225 386
232 386
252 386
280 386
311 386
363 386
364 386
367 386
378 386
387 386
393 386
86 387
93 387
225 387
338 387
350 387
382 387
386 387
623 387
629 387
230 388
234 388
270 388
280 388
314 388
322 388
330 388
345 388
389 388
415 388
230 389
234 389
237 389
256 389
265 389
280 389
314 389
322 389
330 389
366 389
388 389
402 389
225 390
269 390
276 390
291 390
301 390
319 390
353 390
367 390
373 390
378 390
381 390
391 390
393 390
398 390
412 390
440 390
559 390
331 391
336 391
348 391
349 391
351 391
352 391
363 391
380 391
384 391
390 391
398 391
403 391
63 392
130 392
249 392
267 392
275 392
292 392
294 392
300 392
323 392
339 392
341 392
349 392
355 392
357 392
361 392
374 392
380 392
397 392
408 392
431 392
436 392
437 392
513 392
125 393
235 393
269 393
293 393
315 393
336 393
341 393
346 393
347 393
348 393
358 393
364 393
367 393
378 393
380 393
381 393
384 393
386 393
390 393
402 393
403 393
404 393
405 393
434 393
436 393
438 393
4 394
89 394
125 394
132 394
247 394
263 394
264 394
341 394
374 394
432 394
433 394
434 394
442 394
551 394
597 394
613 394
625 394
221 395
222 395
249 395
260 395
294 395
323 395
348 395
357 395
361 395
363 395
397 395
398 395
403 395
442 395
513 395
583 395
91 396
221 396
226 396
255 396
262 396
272 396
301 396
304 396
335 396
361 396
363 396
367 396
375 396
377 396
406 396
410 396
423 396
427 396
431 396
219 397
222 397
247 397
300 397
349 397
361 397
363 397
368 397
392 397
395 397
434 397
442 397
515 397
128 398
220 398
225 398
229 398
247 398
293 398
308 398
336 398
359 398
360 398
361 398
363 398
367 398
368 398
377 398
385 398
390 398
391 398
395 398
401 398
408 398
412 398
436 398
439 398
440 398
134 399
255 399
291 399
303 399
305 399
309 399
328 399
334 399
335 399
421 399
652 399
256 400
273 400
322 400
331 400
347 400
374 400
432 400
435 400
436 400
451 400
669 400
68 401
125 401
220 401
228 401
269 401
276 401
308 401
353 401
355 401
356 401
367 401
398 401
402 401
414 401
431 401
665 401
218 402
308 402
342 402
351 402
353 402
355 402
364 402
380 402
389 402
393 402
401 402
407 402
431 402
438 402
440 402
225 403
248 403
293 403
315 403
353 403
355 403
363 403
364 403
367 403
391 403
393 403
395 403
404 403
432 403
440 403
441 403
442 403
244 404
271 404
312 404
339 404
347 404
348 404
355 404
367 404
393 404
403 404
432 404
441 404
184 405
222 405
252 405
269 405
315 405
346 405
347 405
348 405
351 405
393 405
438 405
5 406
75 406
221 406
229 406
377 406
385 406
396 406
409 406
410 406
411 406
412 406
419 406
426 406
427 406
473 406
106 407
228 407
269 407
286 407
312 407
331 407
343 407
345 407
346 407
347 407
348 407
351 407
355 407
358 407
362 407
379 407
402 407
408 407
409 407
417 407
426 407
428 407
26 408
37 408
64 408
83 408
120 408
294 408
364 408
368 408
392 408
398 408
407 408
431 408
38 409
229 409
345 409
351 409
363 409
377 409
406 409
407 409
411 409
419 409
473 409
14 410
35 410
37 410
120 410
123 410
396 410
406 410
411 410
422 410
427 410
38 411
39 411
53 411
75 411
229 411
238 411
368 411
377 411
385 411
406 411
409 411
410 411
412 411
419 411
422 411
38 412
108 412
225 412
229 412
273 412
276 412
282 412
291 412
294 412
301 412
319 412
331 412
359 412
363 412
373 412
381 412
390 412
398 412
406 412
411 412
419 412
426 412
437 412
439 412
440 412
16 413
65 413
71 413
85 413
101 413
110 413
116 413
123 413
217 413
286 413
351 413
438 413
62 414
137 414
246 414
247 414
308 414
318 414
357 414
401 414
442 414
455 414
600 414
7 415
95 415
122 415
156 415
230 415
233 415
234 415
239 415
272 415
288 415
289 415
297 415
313 415
329 415
330 415
370 415
388 415
416 415
424 415
7 416
234 416
255 416
263 416
272 416
296 416
324 416
325 416
329 416
333 416
365 416
370 416
415 416
554 416
106 417
242 417
259 417
358 417
374 417
377 417
385 417
407 417
586 417
3 418
46 418
53 418
66 418
122 418
250 418
261 418
292 418
318 418
370 418
428 418
526 418
654 418
5 419
38 419
39 419
66 419
75 419
224 419
229 419
286 419
377 419
385 419
406 419
409 419
411 419
412 419
426 419
173 420
198 420
226 420
230 420
255 420
256 420
337 420
340 420
370 420
381 420
425 420
441 420
50 421
255 421
275 421
334 421
335 421
340 421
370 421
379 421
399 421
429 421
441 421
620 421
1 422
13 422
38 422
39 422
53 422
64 422
69 422
81 422
129 422
134 422
135 422
217 422
219 422
220 422
229 422
238 422
358 422
368 422
410 422
411 422
457 422
35 423
60 423
81 423
258 423
263 423
282 423
290 423
296 423
325 423
328 423
396 423
456 423
475 423
486 423
494 423
683 423
7 424
119 424
156 424
217 424
233 424
272 424
292 424
296 424
356 424
370 424
415 424
147 425
198 425
226 425
231 425
234 425
237 425
244 425
251 425
253 425
254 425
255 425
256 425
290 425
302 425
303 425
313 425
316 425
329 425
330 425
337 425
370 425
420 425
433 425
437 425
668 425
66 426
69 426
108 426
228 426
229 426
236 426
377 426
385 426
406 426
407 426
412 426
419 426
431 426
43 427
89 427
120 427
138 427
156 427
199 427
268 427
356 427
396 427
406 427
410 427
3 428
23 428
25 428
34 428
38 428
39 428
42 428
46 428
49 428
122 428
261 428
308 428
325 428
328 428
333 428
407 428
418 428
435 428
224 429
253 429
254 429
256 429
280 429
282 429
292 429
311 429
421 429
526 429
622 429
624 429
654 429
684 429
123 430
153 430
178 430
179 430
218 430
234 430
311 430
313 430
338 430
614 430
50 431
249 431
294 431
308 431
323 431
349 431
351 431
355 431
357 431
361 431
363 431
364 431
368 431
380 431
392 431
396 431
401 431
402 431
408 431
426 431
442 431
473 431
513 431
4 432
130 432
236 432
269 432
271 432
286 432
298 432
314 432
331 432
342 432
347 432
348 432
350 432
351 432
355 432
357 432
364 432
366 432
374 432
394 432
400 432
403 432
404 432
441 432
63 433
247 433
264 433
286 433
297 433
338 433
394 433
425 433
599 433
247 434
264 434
300 434
306 434
310 434
336 434
393 434
394 434
397 434
440 434
442 434
44 435
181 435
187 435
194 435
234 435
255 435
286 435
400 435
428 435
223 436
266 436
273 436
347 436
351 436
359 436
361 436
363 436
392 436
393 436
398 436
400 436
442 436
225 437
226 437
254 437
259 437
267 437
273 437
291 437
341 437
349 437
350 437
368 437
369 437
372 437
392 437
412 437
425 437
440 437
518 437
269 438
315 438
343 438
345 438
346 438
347 438
348 438
351 438
352 438
362 438
364 438
384 438
393 438
402 438
405 438
413 438
171 439
224 439
225 439
247 439
276 439
282 439
331 439
359 439
360 439
363 439
367 439
368 439
398 439
412 439
440 439
513 439
147 440
225 440
235 440
372 440
390 440
398 440
402 440
403 440
412 440
434 440
437 440
439 440
442 440
249 441
269 441
271 441
292 441
298 441
312 441
314 441
315 441
326 441
344 441
346 441
347 441
364 441
403 441
404 441
420 441
421 441
432 441
221 442
247 442
264 442
273 442
300 442
361 442
363 442
374 442
394 442
395 442
397 442
403 442
414 442
431 442
434 442
436 442
440 442
46 443
132 443
192 443
288 443
354 443
448 443
452 443
453 443
498 443
655 443
137 444
158 444
164 444
178 444
222 444
257 444
445 444
446 444
448 444
450 444
453 444
454 444
569 444
622 444
277 445
354 445
444 445
446 445
450 445
453 445
454 445
457 445
590 445
599 445
137 446
444 446
445 446
447 446
448 446
450 446
451 446
452 446
453 446
454 446
180 447
189 447
214 447
446 447
448 447
449 447
452 447
453 447
599 447
180 448
214 448
257 448
443 448
444 448
446 448
447 448
449 448
451 448
452 448
453 448
455 448
498 448
3 449
20 449
318 449
447 449
448 449
451 449
452 449
453 449
455 449
620 449
444 450
445 450
446 450
451 450
452 450
454 450
455 450
456 450
494 450
512 450
564 450
621 450
400 451
446 451
448 451
449 451
450 451
452 451
453 451
454 451
478 451
443 452
446 452
447 452
448 452
449 452
450 452
451 452
453 452
454 452
472 452
496 452
501 452
622 452
443 453
444 453
445 453
446 453
447 453
448 453
449 453
451 453
452 453
454 453
461 453
464 453
468 453
484 453
88 454
121 454
137 454
224 454
444 454
445 454
446 454
450 454
451 454
452 454
453 454
456 454
136 455
308 455
318 455
414 455
448 455
449 455
450 455
480 455
481 455
506 455
509 455
510 455
35 456
324 456
423 456
450 456
454 456
497 456
539 456
565 456
622 456
24 457
164 457
171 457
358 457
422 457
445 457
459 457
471 457
583 457
590 457
591 457
599 457
642 457
460 458
462 458
463 458
467 458
470 458
476 458
504 458
512 458
564 458
279 459
354 459
457 459
465 459
470 459
472 459
543 459
569 459
599 459
642 459
458 460
463 460
465 460
467 460
468 460
492 460
500 460
543 460
569 460
642 460
685 460
75 461
77 461
120 461
121 461
257 461
265 461
326 461
344 461
453 461
462 461
464 461
54 462
59 462
77 462
458 462
461 462
463 462
464 462
468 462
471 462
458 463
460 463
462 463
465 463
469 463
472 463
480 463
489 463
492 463
497 463
500 463
543 463
566 463
572 463
682 463
685 463
75 464
77 464
120 464
121 464
257 464
265 464
326 464
344 464
453 464
461 464
462 464
163 465
195 465
201 465
354 465
459 465
460 465
463 465
473 465
495 465
500 465
543 465
685 465
328 466
478 466
485 466
488 466
490 466
492 466
495 466
506 466
520 466
84 467
212 467
286 467
458 467
460 467
468 467
471 467
478 467
504 467
77 468
207 468
240 468
375 468
376 468
453 468
460 468
462 468
467 468
470 468
472 468
480 468
504 468
543 468
569 468
54 469
61 469
463 469
532 469
566 469
571 469
572 469
639 469
682 469
191 470
360 470
458 470
459 470
468 470
472 470
476 470
496 470
508 470
54 471
59 471
61 471
77 471
164 471
312 471
327 471
457 471
462 471
467 471
452 472
459 472
463 472
468 472
470 472
496 472
505 472
506 472
507 472
543 472
286 473
348 473
351 473
362 473
364 473
406 473
409 473
431 473
465 473
476 474
477 474
479 474
494 474
496 474
503 474
505 474
507 474
520 474
317 475
423 475
477 475
483 475
486 475
492 475
493 475
494 475
504 475
681 475
238 476
458 476
470 476
474 476
477 476
479 476
481 476
482 476
493 476
496 476
501 476
502 476
503 476
505 476
506 476
507 476
510 476
520 476
252 477
474 477
475 477
476 477
479 477
481 477
488 477
493 477
494 477
499 477
501 477
504 477
505 477
506 477
507 477
510 477
512 477
520 477
451 478
466 478
467 478
482 478
488 478
490 478
492 478
493 478
495 478
497 478
502 478
504 478
642 478
474 479
476 479
477 479
494 479
496 479
503 479
505 479
507 479
520 479
455 480
463 480
468 480
481 480
482 480
487 480
489 480
491 480
493 480
506 480
509 480
532 480
571 480
639 480
642 480
238 481
336 481
455 481
476 481
477 481
480 481
488 481
493 481
499 481
501 481
504 481
506 481
507 481
509 481
476 482
478 482
480 482
483 482
485 482
487 482
488 482
493 482
496 482
502 482
504 482
506 482
552 482
195 483
283 483
475 483
482 483
485 483
488 483
495 483
503 483
504 483
506 483
520 483
210 484
326 484
344 484
453 484
486 484
492 484
520 484
547 484
556 484
571 484
466 485
482 485
483 485
487 485
488 485
490 485
493 485
499 485
501 485
502 485
503 485
506 485
520 485
94 486
282 486
423 486
475 486
484 486
493 486
494 486
496 486
505 486
480 487
482 487
485 487
490 487
497 487
499 487
501 487
506 487
509 487
520 487
199 488
466 488
477 488
478 488
481 488
482 488
483 488
485 488
490 488
495 488
498 488
504 488
506 488
510 488
571 488
85 489
147 489
334 489
336 489
463 489
480 489
493 489
498 489
502 489
503 489
466 490
478 490
485 490
487 490
488 490
497 490
503 490
504 490
532 490
571 490
612 490
630 490
639 490
642 490
12 491
23 491
480 491
498 491
506 491
507 491
526 491
558 491
654 491
12 492
58 492
252 492
460 492
463 492
466 492
475 492
478 492
484 492
494 492
495 492
497 492
500 492
504 492
520 492
558 492
682 492
309 493
475 493
476 493
477 493
478 493
480 493
481 493
482 493
485 493
486 493
489 493
494 493
499 493
501 493
504 493
510 493
512 493
599 493
354 494
423 494
450 494
474 494
475 494
477 494
479 494
486 494
492 494
493 494
499 494
504 494
520 494
123 495
158 495
195 495
201 495
266 495
283 495
284 495
297 495
309 495
321 495
465 495
466 495
478 495
483 495
488 495
492 495
497 495
502 495
452 496
470 496
472 496
474 496
476 496
479 496
482 496
486 496
501 496
503 496
505 496
456 497
463 497
478 497
487 497
490 497
492 497
495 497
500 497
502 497
503 497
137 498
257 498
443 498
448 498
488 498
489 498
491 498
576 498
639 498
681 498
685 498
477 499
481 499
485 499
487 499
493 499
494 499
501 499
504 499
505 499
508 499
520 499
572 499
460 500
463 500
465 500
492 500
497 500
532 500
543 500
553 500
566 500
571 500
572 500
606 500
639 500
252 501
452 501
476 501
477 501
481 501
485 501
487 501
493 501
496 501
499 501
503 501
504 501
509 501
512 501
476 502
478 502
482 502
485 502
489 502
495 502
497 502
503 502
506 502
474 503
476 503
479 503
483 503
485 503
489 503
490 503
496 503
497 503
501 503
502 503
504 503
506 503
458 504
467 504
468 504
475 504
477 504
478 504
481 504
482 504
483 504
488 504
490 504
492 504
493 504
494 504
499 504
501 504
503 504
506 504
508 504
511 504
512 504
520 504
532 504
564 504
571 504
572 504
639 504
682 504
472 505
474 505
476 505
477 505
479 505
486 505
496 505
499 505
507 505
520 505
455 506
466 506
472 506
476 506
477 506
480 506
481 506
482 506
483 506
485 506
487 506
488 506
491 506
502 506
503 506
504 506
509 506
520 506
472 507
474 507
476 507
477 507
479 507
481 507
491 507
505 507
508 507
510 507
520 507
126 508
470 508
499 508
504 508
507 508
510 508
511 508
516 508
532 508
571 508
639 508
13 509
33 509
82 509
455 509
480 509
481 509
487 509
501 509
506 509
455 510
476 510
477 510
488 510
493 510
507 510
508 510
511 510
512 510
72 511
504 511
508 511
510 511
512 511
532 511
543 511
571 511
599 511
639 511
642 511
77 512
172 512
450 512
458 512
477 512
493 512
501 512
504 512
510 512
511 512
539 512
572 512
652 512
294 513
357 513
363 513
364 513
368 513
392 513
395 513
431 513
439 513
284 514
517 514
525 514
529 514
549 514
550 514
551 514
594 514
596 514
603 514
607 514
613 514
81 515
152 515
163 515
219 515
222 515
397 515
517 515
591 515
613 515
624 515
508 516
527 516
529 516
551 516
587 516
594 516
603 516
640 516
650 516
670 516
671 516
674 516
676 516
151 517
152 517
155 517
167 517
171 517
192 517
350 517
514 517
515 517
551 517
598 517
610 517
616 517
618 517
627 517
645 517
656 517
657 517
659 517
662 517
680 517
56 518
63 518
134 518
185 518
277 518
437 518
521 518
524 518
545 518
554 518
559 518
567 518
578 518
619 518
624 518
665 518
4 519
99 519
107 519
522 519
573 519
634 519
650 519
661 519
672 519
679 519
283 520
295 520
466 520
474 520
476 520
477 520
479 520
483 520
484 520
485 520
487 520
492 520
494 520
499 520
504 520
505 520
506 520
507 520
1 521
2 521
105 521
219 521
518 521
538 521
545 521
548 521
554 521
555 521
586 521
603 521
608 521
622 521
640 521
650 521
659 521
667 521
67 522
519 522
562 522
573 522
590 522
616 522
627 522
630 522
646 522
648 522
650 522
655 522
660 522
668 522
672 522
679 522
680 522
151 523
534 523
566 523
585 523
613 523
617 523
623 523
645 523
659 523
661 523
106 524
129 524
224 524
287 524
313 524
518 524
539 524
545 524
567 524
17 525
103 525
115 525
116 525
514 525
537 525
577 525
579 525
582 525
593 525
635 525
649 525
653 525
664 525
50 526
53 526
122 526
124 526
241 526
268 526
272 526
298 526
327 526
418 526
429 526
491 526
654 526
684 526
516 527
529 527
551 527
587 527
607 527
647 527
650 527
670 527
674 527
676 527
678 527
680 527
106 528
165 528
529 528
551 528
587 528
598 528
610 528
613 528
647 528
655 528
656 528
662 528
669 528
670 528
24 529
514 529
516 529
527 529
528 529
530 529
531 529
544 529
546 529
551 529
587 529
589 529
594 529
596 529
600 529
603 529
607 529
613 529
640 529
644 529
647 529
650 529
670 529
671 529
674 529
676 529
677 529
678 529
55 530
104 530
131 530
265 530
529 530
536 530
551 530
594 530
595 530
607 530
615 530
632 530
670 530
673 530
104 531
529 531
546 531
551 531
585 531
589 531
594 531
625 531
677 531
191 532
193 532
469 532
480 532
490 532
500 532
504 532
508 532
511 532
536 532
543 532
547 532
553 532
556 532
561 532
564 532
566 532
568 532
569 532
571 532
572 532
576 532
584 532
587 532
599 532
606 532
611 532
612 532
621 532
628 532
630 532
639 532
641 532
642 532
648 532
658 532
682 532
685 532
21 533
557 533
560 533
576 533
588 533
601 533
626 533
629 533
631 533
637 533
640 533
668 533
673 533
523 534
574 534
575 534
601 534
623 534
645 534
659 534
663 534
666 534
550 535
555 535
595 535
597 535
620 535
634 535
636 535
641 535
645 535
651 535
661 535
13 536
55 536
104 536
131 536
530 536
532 536
558 536
563 536
571 536
580 536
611 536
615 536
621 536
632 536
639 536
641 536
658 536
664 536
682 536
110 537
113 537
525 537
558 537
568 537
580 537
584 537
658 537
664 537
24 538
521 538
598 538
626 538
656 538
659 538
673 538
675 538
680 538
65 539
82 539
119 539
120 539
123 539
145 539
172 539
180 539
203 539
211 539
266 539
278 539
326 539
344 539
456 539
512 539
524 539
545 539
567 539
570 539
595 539
168 540
182 540
191 540
192 540
562 540
572 540
635 540
638 540
643 540
154 541
156 541
160 541
162 541
167 541
182 541
188 541
194 541
253 541
582 541
617 541
633 541
649 541
653 541
668 541
679 541
140 542
206 542
570 542
598 542
610 542
614 542
644 542
646 542
680 542
681 542
163 543
459 543
460 543
463 543
465 543
468 543
472 543
500 543
511 543
532 543
561 543
564 543
569 543
572 543
639 543
642 543
648 543
685 543
190 544
247 544
529 544
546 544
594 544
601 544
613 544
639 544
677 544
40 545
96 545
99 545
183 545
216 545
267 545
518 545
521 545
524 545
539 545
559 545
567 545
529 546
531 546
544 546
551 546
585 546
589 546
592 546
594 546
596 546
603 546
607 546
677 546
678 546
106 547
160 547
193 547
208 547
245 547
258 547
484 547
532 547
556 547
571 547
606 547
612 547
621 547
630 547
639 547
642 547
682 547
62 548
242 548
243 548
279 548
383 548
521 548
586 548
620 548
637 548
646 548
666 548
190 549
358 549
514 549
550 549
590 549
603 549
607 549
647 549
660 549
683 549
81 550
171 550
190 550
218 550
220 550
274 550
514 550
535 550
549 550
563 550
583 550
595 550
597 550
603 550
604 550
607 550
620 550
625 550
660 550
666 550
683 550
24 551
279 551
284 551
394 551
514 551
516 551
517 551
527 551
528 551
529 551
530 551
531 551
546 551
585 551
587 551
589 551
594 551
596 551
603 551
607 551
613 551
640 551
655 551
657 551
670 551
671 551
674 551
676 551
677 551
678 551
58 552
168 552
182 552
482 552
562 552
590 552
602 552
614 552
616 552
627 552
665 552
155 553
192 553
197 553
317 553
500 553
532 553
566 553
611 553
621 553
172 554
208 554
281 554
365 554
416 554
518 554
521 554
603 554
605 554
9 555
28 555
112 555
120 555
521 555
535 555
575 555
641 555
661 555
484 556
532 556
547 556
561 556
564 556
571 556
599 556
612 556
621 556
628 556
630 556
639 556
642 556
682 556
11 557
77 557
533 557
560 557
577 557
579 557
588 557
629 557
631 557
671 557
12 558
89 558
127 558
151 558
202 558
382 558
491 558
492 558
536 558
537 558
563 558
564 558
574 558
580 558
621 558
658 558
40 559
96 559
183 559
213 559
216 559
390 559
518 559
545 559
567 559
619 559
662 559
192 560
283 560
533 560
557 560
574 560
576 560
588 560
598 560
600 560
601 560
629 560
631 560
641 560
663 560
671 560
681 560
532 561
543 561
556 561
564 561
568 561
571 561
584 561
639 561
682 561
321 562
522 562
540 562
552 562
565 562
573 562
578 562
590 562
591 562
602 562
635 562
643 562
646 562
659 562
661 562
666 562
321 563
536 563
550 563
558 563
564 563
619 563
648 563
653 563
658 563
667 563
177 564
193 564
450 564
458 564
504 564
532 564
543 564
556 564
558 564
561 564
563 564
569 564
571 564
572 564
576 564
611 564
628 564
639 564
642 564
682 564
685 564
43 565
210 565
456 565
562 565
578 565
591 565
614 565
646 565
659 565
661 565
685 565
463 566
469 566
500 566
523 566
532 566
553 566
571 566
572 566
606 566
611 566
639 566
682 566
77 567
283 567
357 567
518 567
524 567
539 567
545 567
559 567
616 567
532 568
537 568
561 568
571 568
576 568
584 568
641 568
648 568
658 568
682 568
137 569
178 569
444 569
459 569
460 569
468 569
532 569
543 569
564 569
571 569
572 569
639 569
642 569
682 569
685 569
539 570
542 570
579 570
601 570
630 570
636 570
644 570
646 570
681 570
191 571
193 571
469 571
480 571
484 571
488 571
490 571
500 571
504 571
508 571
511 571
532 571
536 571
547 571
556 571
561 571
564 571
566 571
568 571
569 571
572 571
576 571
584 571
605 571
606 571
611 571
612 571
621 571
628 571
630 571
639 571
641 571
642 571
648 571
658 571
682 571
685 571
463 572
469 572
499 572
500 572
504 572
512 572
532 572
540 572
543 572
564 572
566 572
569 572
571 572
608 572
609 572
611 572
614 572
621 572
625 572
643 572
682 572
685 572
262 573
268 573
519 573
522 573
562 573
590 573
608 573
630 573
646 573
648 573
672 573
534 574
558 574
560 574
576 574
579 574
580 574
598 574
600 574
601 574
646 574
648 574
663 574
675 574
682 574
9 575
21 575
28 575
75 575
112 575
120 575
124 575
534 575
555 575
640 575
656 575
498 576
532 576
533 576
560 576
564 576
568 576
571 576
574 576
584 576
588 576
605 576
611 576
629 576
630 576
631 576
639 576
642 576
682 576
525 577
557 577
582 577
636 577
649 577
653 577
663 577
664 577
682 577
43 578
82 578
172 578
518 578
562 578
565 578
591 578
624 578
646 578
661 578
685 578
11 579
525 579
557 579
570 579
574 579
582 579
588 579
592 579
598 579
600 579
601 579
631 579
649 579
653 579
663 579
12 580
164 580
536 580
537 580
558 580
574 580
611 580
630 580
639 580
641 580
682 580
33 581
65 581
80 581
86 581
94 581
99 581
119 581
120 581
123 581
138 581
217 581
360 581
382 581
21 582
44 582
71 582
115 582
116 582
182 582
188 582
194 582
525 582
541 582
577 582
579 582
617 582
633 582
635 582
649 582
653 582
173 583
178 583
208 583
253 583
395 583
457 583
550 583
597 583
640 583
532 584
537 584
561 584
568 584
571 584
576 584
641 584
648 584
658 584
682 584
1 585
2 585
4 585
24 585
48 585
134 585
279 585
523 585
531 585
546 585
551 585
589 585
594 585
607 585
613 585
657 585
660 585
677 585
680 585
43 586
242 586
335 586
369 586
417 586
521 586
548 586
608 586
626 586
637 586
638 586
650 586
667 586
24 587
47 587
98 587
106 587
134 587
516 587
527 587
528 587
529 587
532 587
551 587
647 587
648 587
650 587
670 587
675 587
682 587
35 588
111 588
164 588
167 588
192 588
533 588
557 588
560 588
576 588
579 588
592 588
601 588
605 588
626 588
629 588
631 588
655 588
663 588
673 588
529 589
531 589
546 589
551 589
585 589
594 589
603 589
676 589
677 589
678 589
157 590
445 590
457 590
522 590
549 590
552 590
562 590
573 590
602 590
616 590
644 590
646 590
648 590
106 591
151 591
210 591
457 591
515 591
562 591
565 591
578 591
646 591
659 591
546 592
579 592
588 592
594 592
602 592
631 592
663 592
669 592
677 592
13 593
98 593
105 593
182 593
525 593
619 593
627 593
633 593
652 593
653 593
661 593
668 593
679 593
680 593
24 594
514 594
516 594
529 594
530 594
531 594
544 594
546 594
551 594
585 594
589 594
592 594
596 594
603 594
607 594
677 594
678 594
15 595
155 595
530 595
535 595
539 595
550 595
607 595
623 595
673 595
514 596
529 596
546 596
551 596
594 596
603 596
605 596
607 596
673 596
678 596
262 597
265 597
274 597
394 597
535 597
550 597
583 597
616 597
620 597
651 597
665 597
153 598
165 598
190 598
517 598
528 598
538 598
542 598
560 598
574 598
579 598
601 598
610 598
614 598
626 598
629 598
637 598
644 598
646 598
647 598
655 598
656 598
662 598
669 598
680 598
681 598
62 599
433 599
445 599
447 599
457 599
459 599
493 599
511 599
532 599
556 599
639 599
642 599
658 599
414 600
529 600
560 600
574 600
579 600
601 600
656 600
663 600
669 600
190 601
533 601
534 601
544 601
560 601
570 601
574 601
579 601
588 601
598 601
600 601
605 601
629 601
631 601
637 601
663 601
664 601
671 601
675 601
62 602
232 602
287 602
371 602
552 602
562 602
590 602
592 602
603 602
619 602
630 602
190 603
246 603
514 603
516 603
521 603
529 603
546 603
549 603
550 603
551 603
554 603
589 603
594 603
596 603
602 603
607 603
671 603
677 603
678 603
550 604
620 604
623 604
634 604
637 604
645 604
667 604
673 604
683 604
6 605
23 605
554 605
571 605
576 605
588 605
596 605
601 605
631 605
639 605
99 606
160 606
245 606
246 606
500 606
532 606
547 606
566 606
571 606
621 606
630 606
639 606
642 606
682 606
514 607
527 607
529 607
530 607
546 607
549 607
550 607
551 607
585 607
594 607
595 607
596 607
603 607
660 607
677 607
678 607
89 608
135 608
210 608
521 608
572 608
573 608
586 608
626 608
659 608
663 608
117 609
147 609
168 609
238 609
314 609
358 609
572 609
614 609
621 609
167 610
172 610
517 610
528 610
542 610
598 610
647 610
656 610
662 610
669 610
670 610
153 611
532 611
536 611
553 611
564 611
566 611
571 611
572 611
576 611
580 611
614 611
621 611
628 611
639 611
641 611
682 611
685 611
490 612
532 612
547 612
556 612
571 612
621 612
630 612
639 612
642 612
4 613
67 613
394 613
514 613
515 613
523 613
528 613
529 613
544 613
551 613
585 613
617 613
647 613
657 613
667 613
676 613
683 613
28 614
53 614
70 614
153 614
162 614
179 614
185 614
430 614
542 614
552 614
565 614
572 614
598 614
609 614
611 614
635 614
15 615
55 615
104 615
131 615
133 615
530 615
536 615
632 615
635 615
636 615
651 615
517 616
522 616
552 616
567 616
590 616
597 616
620 616
627 616
648 616
1 617
35 617
67 617
88 617
151 617
154 617
155 617
182 617
523 617
541 617
582 617
613 617
627 617
633 617
637 617
649 617
653 617
1 618
14 618
47 618
67 618
110 618
113 618
116 618
126 618
517 618
645 618
657 618
659 618
675 618
2 619
371 619
518 619
559 619
563 619
593 619
602 619
636 619
680 619
684 619
15 620
183 620
370 620
421 620
449 620
535 620
548 620
550 620
597 620
604 620
616 620
623 620
634 620
666 620
146 621
450 621
532 621
536 621
547 621
553 621
556 621
558 621
571 621
572 621
606 621
609 621
611 621
612 621
628 621
630 621
639 621
658 621
682 621
85 622
97 622
115 622
285 622
354 622
429 622
444 622
452 622
456 622
521 622
382 623
387 623
523 623
534 623
595 623
604 623
620 623
634 623
645 623
659 623
661 623
665 623
666 623
671 623
683 623
178 624
272 624
304 624
335 624
358 624
370 624
429 624
515 624
518 624
578 624
136 625
190 625
227 625
394 625
531 625
550 625
572 625
658 625
659 625
667 625
682 625
533 626
538 626
586 626
588 626
598 626
608 626
627 626
631 626
636 626
637 626
667 626
673 626
151 627
155 627
517 627
522 627
552 627
593 627
616 627
617 627
626 627
633 627
637 627
638 627
646 627
648 627
649 627
653 627
668 627
679 627
532 628
556 628
564 628
571 628
611 628
621 628
639 628
682 628
685 628
35 629
132 629
387 629
533 629
557 629
560 629
576 629
588 629
598 629
601 629
631 629
641 629
655 629
490 630
522 630
532 630
547 630
556 630
570 630
571 630
573 630
576 630
580 630
602 630
606 630
612 630
621 630
639 630
641 630
642 630
648 630
682 630
35 631
111 631
164 631
167 631
192 631
533 631
557 631
560 631
576 631
579 631
588 631
592 631
601 631
605 631
626 631
629 631
655 631
663 631
673 631
15 632
55 632
104 632
131 632
133 632
530 632
536 632
615 632
635 632
636 632
651 632
109 633
151 633
154 633
156 633
182 633
541 633
582 633
593 633
617 633
627 633
649 633
653 633
15 634
104 634
183 634
370 634
519 634
535 634
604 634
620 634
623 634
645 634
661 634
672 634
11 635
525 635
540 635
562 635
582 635
614 635
615 635
632 635
636 635
643 635
646 635
651 635
675 635
681 635
11 636
535 636
570 636
577 636
615 636
619 636
626 636
632 636
635 636
646 636
651 636
661 636
681 636
136 637
242 637
533 637
548 637
586 637
598 637
601 637
604 637
617 637
626 637
627 637
673 637
675 637
165 638
168 638
192 638
540 638
586 638
627 638
643 638
656 638
665 638
191 639
193 639
469 639
480 639
490 639
498 639
500 639
504 639
508 639
511 639
532 639
536 639
543 639
544 639
547 639
556 639
561 639
564 639
566 639
569 639
571 639
576 639
580 639
599 639
605 639
606 639
611 639
612 639
621 639
628 639
630 639
641 639
642 639
658 639
682 639
685 639
516 640
521 640
529 640
533 640
551 640
575 640
583 640
647 640
670 640
671 640
678 640
532 641
535 641
536 641
555 641
560 641
568 641
571 641
580 641
584 641
611 641
629 641
630 641
639 641
648 641
682 641
190 642
193 642
227 642
457 642
459 642
460 642
478 642
480 642
490 642
511 642
532 642
543 642
547 642
556 642
564 642
569 642
571 642
576 642
599 642
606 642
612 642
630 642
639 642
644 642
648 642
658 642
685 642
168 643
182 643
191 643
192 643
540 643
562 643
572 643
635 643
638 643
190 644
205 644
208 644
213 644
529 644
542 644
570 644
590 644
598 644
642 644
662 644
681 644
48 645
517 645
523 645
534 645
535 645
604 645
618 645
623 645
634 645
655 645
657 645
659 645
661 645
666 645
667 645
299 646
522 646
542 646
548 646
562 646
565 646
570 646
573 646
574 646
578 646
590 646
591 646
598 646
627 646
635 646
636 646
648 646
655 646
668 646
681 646
165 647
527 647
528 647
529 647
549 647
587 647
598 647
610 647
613 647
640 647
650 647
655 647
656 647
662 647
666 647
669 647
670 647
674 647
675 647
683 647
522 648
532 648
543 648
563 648
568 648
571 648
573 648
574 648
584 648
587 648
590 648
616 648
627 648
630 648
641 648
642 648
646 648
668 648
680 648
151 649
154 649
155 649
160 649
182 649
525 649
541 649
577 649
579 649
582 649
617 649
627 649
633 649
653 649
663 649
516 650
519 650
521 650
522 650
527 650
529 650
586 650
587 650
647 650
655 650
660 650
670 650
671 650
672 650
676 650
679 650
11 651
535 651
597 651
615 651
632 651
635 651
636 651
659 651
661 651
665 651
681 651
14 652
17 652
110 652
173 652
188 652
357 652
399 652
512 652
593 652
6 653
154 653
155 653
156 653
160 653
166 653
182 653
186 653
194 653
202 653
525 653
541 653
563 653
577 653
579 653
582 653
593 653
617 653
627 653
633 653
649 653
674 653
50 654
122 654
124 654
241 654
268 654
272 654
298 654
327 654
418 654
429 654
491 654
526 654
684 654
158 655
164 655
165 655
170 655
173 655
192 655
208 655
443 655
522 655
528 655
551 655
588 655
598 655
629 655
631 655
645 655
646 655
647 655
650 655
656 655
662 655
669 655
670 655
681 655
67 656
165 656
517 656
528 656
538 656
575 656
598 656
600 656
610 656
638 656
647 656
655 656
657 656
662 656
663 656
669 656
670 656
680 656
1 657
67 657
517 657
551 657
585 657
613 657
618 657
645 657
656 657
659 657
666 657
680 657
193 658
309 658
532 658
536 658
537 658
558 658
563 658
568 658
571 658
584 658
599 658
621 658
625 658
639 658
642 658
682 658
43 659
111 659
117 659
288 659
325 659
517 659
521 659
523 659
534 659
538 659
562 659
565 659
591 659
608 659
618 659
623 659
625 659
645 659
651 659
657 659
661 659
664 659
666 659
667 659
1 660
168 660
522 660
549 660
550 660
585 660
607 660
650 660
680 660
519 661
523 661
535 661
555 661
562 661
565 661
578 661
593 661
623 661
634 661
636 661
645 661
651 661
659 661
672 661
679 661
140 662
517 662
528 662
559 662
598 662
610 662
644 662
647 662
655 662
656 662
670 662
111 663
534 663
560 663
574 663
577 663
579 663
588 663
592 663
600 663
601 663
608 663
631 663
649 663
656 663
664 663
669 663
671 663
674 663
43 664
117 664
202 664
525 664
536 664
537 664
577 664
601 664
659 664
663 664
137 665
265 665
401 665
518 665
552 665
597 665
623 665
638 665
651 665
671 665
52 666
338 666
534 666
548 666
550 666
562 666
620 666
623 666
645 666
647 666
657 666
659 666
680 666
158 667
240 667
291 667
376 667
521 667
563 667
586 667
604 667
613 667
625 667
626 667
645 667
659 667
674 667
425 668
522 668
533 668
541 668
593 668
627 668
646 668
648 668
679 668
165 669
400 669
528 669
592 669
598 669
600 669
610 669
647 669
655 669
656 669
663 669
670 669
165 670
516 670
527 670
528 670
529 670
530 670
551 670
587 670
610 670
640 670
647 670
650 670
655 670
656 670
662 670
669 670
674 670
675 670
676 670
678 670
81 671
198 671
283 671
516 671
529 671
551 671
557 671
560 671
601 671
603 671
623 671
640 671
650 671
663 671
665 671
4 672
99 672
107 672
519 672
522 672
573 672
634 672
650 672
661 672
679 672
16 673
55 673
126 673
131 673
530 673
533 673
538 673
588 673
595 673
596 673
604 673
626 673
631 673
637 673
675 673
516 674
527 674
529 674
551 674
647 674
653 674
663 674
667 674
670 674
681 674
24 675
188 675
538 675
574 675
587 675
601 675
618 675
635 675
637 675
647 675
670 675
673 675
679 675
153 676
516 676
527 676
529 676
551 676
589 676
613 676
650 676
670 676
678 676
529 677
531 677
544 677
546 677
551 677
585 677
589 677
592 677
594 677
603 677
607 677
678 677
527 678
529 678
546 678
551 678
589 678
594 678
596 678
603 678
607 678
640 678
670 678
676 678
677 678
519 679
522 679
541 679
593 679
627 679
650 679
661 679
668 679
672 679
675 679
680 679
165 680
517 680
522 680
527 680
538 680
542 680
585 680
593 680
598 680
619 680
648 680
656 680
657 680
660 680
666 680
679 680
475 681
498 681
542 681
560 681
570 681
598 681
635 681
636 681
644 681
646 681
651 681
655 681
674 681
52 682
193 682
285 682
463 682
469 682
492 682
504 682
532 682
536 682
547 682
556 682
561 682
564 682
566 682
568 682
569 682
571 682
572 682
574 682
576 682
577 682
580 682
584 682
587 682
606 682
611 682
621 682
625 682
628 682
630 682
639 682
641 682
658 682
218 683
223 683
423 683
549 683
550 683
604 683
613 683
623 683
647 683
84 684
122 684
236 684
255 684
272 684
280 684
289 684
307 684
369 684
429 684
526 684
619 684
654 684
82 685
137 685
460 685
463 685
465 685
498 685
532 685
543 685
564 685
565 685
569 685
571 685
572 685
578 685
611 685
628 685
639 685
642 685
