23 1
28 1
44 1
114 1
128 1
151 1
155 1
202 1
451 1
558 1
23 2
128 2
157 2
328 2
336 2
378 2
437 2
588 2
662 2
15 3
67 3
73 3
99 3
434 3
441 3
545 3
605 3
633 3
89 4
122 4
264 4
314 4
394 4
422 4
504 4
522 4
524 4
595 4
657 4
12 5
18 5
19 5
41 5
87 5
90 5
92 5
95 5
102 5
253 5
333 5
462 5
11 6
12 6
17 6
47 6
65 6
85 6
104 6
108 6
131 6
132 6
134 6
219 6
356 6
422 6
530 6
619 6
10 7
16 7
30 7
40 7
69 7
81 7
100 7
101 7
107 7
114 7
156 7
243 7
20 8
23 8
25 8
52 8
63 8
72 8
78 8
101 8
131 8
496 8
529 8
653 8
674 8
54 9
55 9
67 9
82 9
83 9
84 9
86 9
88 9
112 9
118 9
555 9
575 9
605 9
633 9
7 10
34 10
70 10
78 10
80 10
83 10
101 10
123 10
633 10
6 11
44 11
92 11
119 11
127 11
154 11
184 11
387 11
419 11
563 11
5 12
6 12
36 12
81 12
105 12
109 12
131 12
462 12
506 12
15 13
236 13
263 13
269 13
296 13
328 13
349 13
360 13
432 13
26 14
27 14
133 14
234 14
279 14
304 14
325 14
383 14
415 14
428 14
3 15
13 15
56 15
60 15
99 15
122 15
284 15
287 15
363 15
371 15
398 15
410 15
545 15
7 16
30 16
38 16
54 16
69 16
81 16
115 16
156 16
246 16
304 16
312 16
592 16
602 16
6 17
40 17
111 17
131 17
155 17
454 17
493 17
541 17
662 17
5 18
19 18
29 18
41 18
74 18
86 18
87 18
90 18
92 18
95 18
102 18
107 18
114 18
5 19
18 19
29 19
41 19
74 19
87 19
90 19
92 19
95 19
102 19
112 19
114 19
242 19
280 19
8 20
44 20
48 20
52 20
55 20
71 20
91 20
307 20
529 20
653 20
27 21
110 21
128 21
133 21
192 21
361 21
368 21
372 21
393 21
28 22
33 22
37 22
110 22
120 22
123 22
409 22
428 22
608 22
1 23
2 23
8 23
25 23
28 23
34 23
35 23
44 23
47 23
63 23
71 23
72 23
74 23
105 23
109 23
116 23
127 23
128 23
132 23
202 23
258 23
396 23
42 24
231 24
529 24
530 24
531 24
551 24
603 24
648 24
653 24
670 24
8 25
23 25
28 25
33 25
35 25
73 25
83 25
116 25
134 25
658 25
14 26
27 26
44 26
61 26
83 26
91 26
101 26
110 26
113 26
120 26
133 26
14 27
21 27
26 27
28 27
33 27
66 27
78 27
79 27
83 27
110 27
120 27
133 27
1 28
22 28
23 28
25 28
27 28
44 28
71 28
78 28
83 28
110 28
120 28
123 28
128 28
133 28
197 28
18 29
19 29
41 29
65 29
86 29
87 29
95 29
102 29
104 29
114 29
121 29
7 30
16 30
101 30
156 30
262 30
288 30
304 30
338 30
414 30
37 31
58 31
63 31
68 31
73 31
113 31
140 31
163 31
169 31
176 31
268 31
271 31
288 31
305 31
306 31
312 31
394 31
395 31
420 31
456 31
472 31
483 31
484 31
520 31
559 31
586 31
593 31
33 32
43 32
57 32
66 32
72 32
76 32
79 32
110 32
111 32
113 32
118 32
120 32
22 33
25 33
27 33
32 33
37 33
43 33
52 33
72 33
76 33
110 33
111 33
113 33
120 33
608 33
662 33
10 34
23 34
35 34
42 34
49 34
56 34
74 34
80 34
82 34
83 34
101 34
117 34
284 34
23 35
25 35
34 35
63 35
71 35
116 35
194 35
396 35
598 35
12 36
44 36
55 36
88 36
104 36
105 36
251 36
303 36
418 36
610 36
22 37
31 37
33 37
44 37
63 37
91 37
110 37
113 37
116 37
120 37
134 37
608 37
662 37
16 38
39 38
49 38
68 38
220 38
286 38
410 38
419 38
428 38
38 39
49 39
53 39
64 39
286 39
363 39
377 39
398 39
409 39
410 39
426 39
428 39
7 40
17 40
81 40
86 40
183 40
218 40
231 40
254 40
387 40
5 41
18 41
19 41
29 41
58 41
74 41
90 41
95 41
102 41
104 41
114 41
242 41
280 41
388 41
668 41
24 42
34 42
56 42
60 42
70 42
80 42
82 42
97 42
101 42
125 42
134 42
243 42
32 43
33 43
48 43
57 43
85 43
110 43
153 43
396 43
662 43
1 44
11 44
20 44
23 44
26 44
28 44
36 44
37 44
53 44
63 44
71 44
78 44
110 44
113 44
116 44
120 44
123 44
126 44
133 44
154 44
159 44
174 44
197 44
202 44
246 44
51 45
57 45
66 45
126 45
134 45
135 45
175 45
198 45
199 45
244 45
652 45
99 46
119 46
262 46
308 46
347 46
351 46
356 46
382 46
410 46
426 46
432 46
433 46
562 46
6 47
23 47
86 47
93 47
108 47
127 47
132 47
462 47
605 47
619 47
680 47
20 48
43 48
93 48
105 48
183 48
195 48
234 48
254 48
415 48
416 48
444 48
34 49
38 49
39 49
86 49
96 49
106 49
220 49
228 49
286 49
363 49
377 49
385 49
398 49
407 49
409 49
419 49
428 49
51 50
101 50
117 50
156 50
422 50
569 50
587 50
639 50
665 50
45 51
50 51
74 51
86 51
126 51
320 51
377 51
385 51
397 51
398 51
412 51
419 51
8 52
20 52
33 52
63 52
68 52
72 52
91 52
264 52
394 52
529 52
653 52
39 53
44 53
54 53
64 53
66 53
70 53
94 53
122 53
124 53
152 53
591 53
9 54
16 54
53 54
59 54
61 54
84 54
103 54
112 54
591 54
9 55
20 55
36 55
71 55
83 55
88 55
112 55
119 55
555 55
671 55
15 56
34 56
42 56
107 56
122 56
261 56
318 56
371 56
424 56
509 56
32 57
43 57
45 57
66 57
76 57
86 57
87 57
107 57
353 57
398 57
31 58
41 58
74 58
95 58
107 58
114 58
279 58
509 58
549 58
619 58
54 59
61 59
84 59
88 59
103 59
181 59
303 59
456 59
464 59
469 59
471 59
15 60
42 60
79 60
101 60
117 60
119 60
125 60
129 60
285 60
287 60
413 60
486 60
509 60
26 61
54 61
59 61
84 61
103 61
181 61
327 61
464 61
469 61
471 61
178 62
231 62
250 62
267 62
279 62
341 62
383 62
423 62
463 62
504 62
524 62
532 62
554 62
602 62
621 62
624 62
635 62
636 62
8 63
23 63
31 63
35 63
37 63
44 63
52 63
71 63
72 63
88 63
91 63
103 63
105 63
164 63
39 64
53 64
66 64
79 64
93 64
356 64
366 64
377 64
426 64
427 64
6 65
29 65
73 65
75 65
93 65
98 65
109 65
131 65
173 65
550 65
27 66
32 66
45 66
53 66
57 66
64 66
86 66
95 66
107 66
3 67
9 67
514 67
534 67
583 67
618 67
633 67
650 67
656 67
31 68
38 68
52 68
78 68
83 68
89 68
121 68
216 68
268 68
341 68
7 69
16 69
101 69
112 69
240 69
260 69
291 69
381 69
395 69
10 70
42 70
53 70
97 70
98 70
100 70
101 70
117 70
125 70
152 70
156 70
320 70
20 71
23 71
28 71
35 71
44 71
55 71
63 71
72 71
76 71
79 71
88 71
91 71
98 71
394 71
673 71
8 72
23 72
32 72
33 72
52 72
63 72
71 72
78 72
79 72
105 72
3 73
25 73
31 73
65 73
96 73
131 73
271 73
309 73
325 73
441 73
593 73
613 73
18 74
19 74
23 74
34 74
41 74
51 74
58 74
86 74
95 74
303 74
377 74
535 74
65 75
93 75
124 75
156 75
242 75
258 75
272 75
364 75
377 75
419 75
32 76
33 76
57 76
71 76
110 76
113 76
114 76
443 76
662 76
157 77
208 77
471 77
547 77
576 77
590 77
610 77
621 77
685 77
8 78
10 78
27 78
28 78
44 78
68 78
72 78
83 78
110 78
123 78
27 79
32 79
60 79
64 79
71 79
72 79
101 79
278 79
284 79
418 79
10 80
34 80
42 80
83 80
94 80
117 80
122 80
124 80
250 80
395 80
7 81
12 81
16 81
40 81
119 81
131 81
254 81
316 81
327 81
422 81
521 81
9 82
34 82
42 82
318 82
422 82
529 82
553 82
605 82
653 82
9 83
10 83
25 83
26 83
27 83
28 83
34 83
55 83
68 83
78 83
80 83
101 83
102 83
112 83
120 83
123 83
126 83
133 83
135 83
555 83
9 84
54 84
59 84
61 84
88 84
103 84
118 84
121 84
471 84
591 84
6 85
43 85
100 85
119 85
219 85
287 85
422 85
518 85
540 85
659 85
9 86
18 86
29 86
40 86
47 86
49 86
51 86
57 86
66 86
74 86
87 86
104 86
107 86
108 86
118 86
132 86
377 86
385 86
397 86
398 86
619 86
5 87
18 87
19 87
29 87
57 87
86 87
90 87
92 87
95 87
114 87
9 88
36 88
55 88
59 88
63 88
71 88
84 88
103 88
105 88
112 88
118 88
121 88
4 89
68 89
171 89
178 89
190 89
232 89
469 89
500 89
560 89
574 89
616 89
629 89
5 90
18 90
19 90
41 90
87 90
92 90
95 90
102 90
104 90
599 90
20 91
26 91
37 91
52 91
63 91
71 91
110 91
113 91
120 91
133 91
164 91
232 91
5 92
11 92
18 92
19 92
87 92
90 92
95 92
107 92
114 92
243 92
509 92
47 93
48 93
64 93
65 93
75 93
108 93
131 93
384 93
428 93
53 94
80 94
104 94
117 94
285 94
320 94
422 94
463 94
597 94
5 95
18 95
19 95
29 95
41 95
58 95
66 95
74 95
87 95
90 95
92 95
102 95
107 95
114 95
509 95
49 96
73 96
98 96
109 96
183 96
244 96
378 96
388 96
415 96
416 96
42 97
70 97
98 97
125 97
228 97
363 97
377 97
398 97
407 97
426 97
65 98
70 98
71 98
96 98
97 98
100 98
117 98
125 98
129 98
152 98
624 98
3 99
15 99
46 99
109 99
135 99
232 99
276 99
426 99
545 99
7 100
70 100
85 100
98 100
117 100
124 100
125 100
129 100
287 100
288 100
413 100
422 100
549 100
590 100
7 101
8 101
10 101
26 101
30 101
34 101
42 101
50 101
60 101
69 101
70 101
79 101
83 101
125 101
134 101
5 102
18 102
19 102
29 102
41 102
83 102
90 102
95 102
109 102
114 102
121 102
132 102
684 102
54 103
59 103
61 103
63 103
84 103
88 103
118 103
464 103
471 103
6 104
29 104
36 104
41 104
86 104
90 104
94 104
111 104
124 104
131 104
240 104
521 104
626 104
680 104
12 105
23 105
36 105
48 105
63 105
72 105
88 105
528 105
613 105
647 105
49 106
129 106
177 106
245 106
273 106
297 106
304 106
315 106
325 106
348 106
400 106
522 106
524 106
594 106
623 106
634 106
7 107
18 107
56 107
57 107
58 107
66 107
86 107
92 107
95 107
114 107
243 107
509 107
587 107
640 107
6 108
47 108
86 108
93 108
114 108
191 108
387 108
521 108
626 108
12 109
23 109
65 109
96 109
99 109
102 109
152 109
183 109
276 109
333 109
423 109
21 110
22 110
26 110
27 110
28 110
32 110
33 110
37 110
43 110
44 110
76 110
78 110
91 110
111 110
113 110
120 110
123 110
134 110
154 110
155 110
232 110
244 110
246 110
251 110
252 110
304 110
418 110
608 110
17 111
32 111
33 111
104 111
110 111
113 111
587 111
608 111
662 111
9 112
19 112
54 112
55 112
69 112
83 112
88 112
118 112
555 112
575 112
26 113
31 113
32 113
33 113
37 113
44 113
76 113
91 113
110 113
111 113
120 113
133 113
246 113
304 113
608 113
1 114
7 114
18 114
19 114
29 114
41 114
58 114
76 114
87 114
92 114
95 114
102 114
107 114
108 114
128 114
16 115
121 115
264 115
277 115
362 115
369 115
372 115
374 115
394 115
412 115
442 115
23 116
25 116
35 116
37 116
44 116
192 116
451 116
622 116
631 116
662 116
34 117
50 117
60 117
70 117
80 117
94 117
98 117
100 117
125 117
129 117
395 117
549 117
587 117
9 118
32 118
84 118
86 118
88 118
103 118
112 118
272 118
440 118
11 119
46 119
55 119
60 119
81 119
85 119
194 119
289 119
675 119
22 120
26 120
27 120
28 120
32 120
33 120
37 120
44 120
83 120
91 120
110 120
113 120
133 120
29 121
68 121
84 121
88 121
102 121
115 121
341 121
361 121
627 121
4 122
15 122
53 122
56 122
80 122
253 122
264 122
284 122
371 122
429 122
10 123
22 123
28 123
44 123
78 123
83 123
110 123
134 123
157 123
53 124
75 124
80 124
100 124
104 124
125 124
250 124
312 124
364 124
42 125
60 125
70 125
97 125
98 125
100 125
101 125
117 125
124 125
248 125
44 126
45 126
51 126
83 126
135 126
157 126
199 126
244 126
248 126
11 127
23 127
47 127
152 127
154 127
155 127
202 127
387 127
605 127
1 128
2 128
21 128
23 128
28 128
114 128
151 128
155 128
202 128
558 128
60 129
98 129
100 129
106 129
117 129
132 129
287 129
304 129
413 129
586 129
248 130
284 130
316 130
326 130
343 130
344 130
346 130
347 130
349 130
353 130
366 130
404 130
418 130
421 130
438 130
6 131
8 131
12 131
17 131
65 131
73 131
81 131
93 131
104 131
134 131
521 131
530 131
535 131
619 131
626 131
6 132
23 132
47 132
86 132
102 132
129 132
134 132
341 132
422 132
14 133
21 133
26 133
27 133
28 133
44 133
83 133
91 133
113 133
120 133
464 133
6 134
25 134
37 134
42 134
45 134
101 134
110 134
123 134
131 134
132 134
45 135
83 135
99 135
126 135
153 135
157 135
172 135
198 135
200 135
244 135
500 135
171 136
199 136
206 136
214 136
233 136
243 136
495 136
500 136
514 136
644 136
166 137
189 137
215 137
244 137
251 137
270 137
288 137
312 137
333 137
141 138
146 138
147 138
150 138
197 138
199 138
205 138
206 138
207 138
362 138
542 138
142 139
143 139
145 139
146 139
148 139
149 139
163 139
172 139
196 139
197 139
201 139
203 139
207 139
209 139
210 139
212 139
215 139
31 140
176 140
515 140
538 140
559 140
586 140
598 140
656 140
675 140
138 141
143 141
146 141
189 141
190 141
206 141
207 141
212 141
214 141
139 142
145 142
146 142
196 142
197 142
201 142
205 142
208 142
213 142
599 142
139 143
141 143
144 143
145 143
148 143
161 143
189 143
204 143
207 143
210 143
212 143
452 143
143 144
148 144
149 144
184 144
187 144
189 144
200 144
207 144
211 144
212 144
214 144
139 145
142 145
143 145
148 145
161 145
189 145
204 145
207 145
210 145
212 145
138 146
139 146
141 146
142 146
197 146
201 146
205 146
207 146
212 146
213 146
515 146
138 147
196 147
197 147
201 147
203 147
205 147
207 147
212 147
343 147
526 147
654 147
139 148
143 148
144 148
145 148
149 148
161 148
177 148
180 148
189 148
200 148
204 148
207 148
209 148
210 148
212 148
452 148
139 149
144 149
148 149
159 149
165 149
172 149
174 149
205 149
207 149
212 149
350 149
539 149
565 149
138 150
197 150
201 150
203 150
205 150
206 150
207 150
504 150
542 150
554 150
1 151
128 151
155 151
159 151
174 151
192 151
202 151
451 151
558 151
565 151
663 151
53 152
70 152
98 152
109 152
127 152
183 152
272 152
320 152
387 152
396 152
419 152
548 152
43 153
135 153
157 153
168 153
180 153
182 153
184 153
198 153
287 153
362 153
631 153
11 154
44 154
110 154
127 154
155 154
159 154
174 154
175 154
202 154
350 154
387 154
563 154
669 154
1 155
17 155
110 155
127 155
128 155
151 155
154 155
159 155
160 155
174 155
176 155
177 155
188 155
202 155
418 155
541 155
558 155
617 155
633 155
7 156
16 156
30 156
50 156
70 156
75 156
179 156
182 156
190 156
202 156
230 156
233 156
253 156
266 156
276 156
312 156
338 156
370 156
387 156
414 156
429 156
461 156
541 156
2 157
77 157
123 157
126 157
135 157
153 157
162 157
177 157
181 157
184 157
185 157
202 157
216 157
233 157
500 157
512 157
173 158
294 158
298 158
300 158
313 158
327 158
335 158
337 158
387 158
399 158
44 159
149 159
151 159
154 159
155 159
165 159
174 159
181 159
202 159
565 159
614 159
155 160
182 160
188 160
196 160
202 160
249 160
392 160
525 160
649 160
143 161
145 161
148 161
177 161
180 161
184 161
187 161
189 161
200 161
207 161
210 161
215 161
452 161
157 162
175 162
177 162
181 162
200 162
223 162
244 162
540 162
586 162
31 163
139 163
166 163
172 163
209 163
210 163
216 163
271 163
290 163
331 163
559 163
63 164
91 164
194 164
208 164
292 164
448 164
529 164
608 164
653 164
149 165
159 165
170 165
171 165
174 165
192 165
350 165
486 165
639 165
137 166
163 166
167 166
169 166
170 166
171 166
172 166
192 166
210 166
288 166
290 166
319 166
373 166
450 166
166 167
171 167
182 167
190 167
192 167
225 167
274 167
281 167
310 167
475 167
574 167
590 167
610 167
629 167
153 168
180 168
182 168
185 168
186 168
208 168
454 168
478 168
493 168
540 168
643 168
31 169
166 169
172 169
288 169
290 169
312 169
319 169
373 169
598 169
165 170
166 170
173 170
177 170
181 170
192 170
259 170
341 170
493 170
89 171
136 171
165 171
166 171
167 171
192 171
208 171
290 171
517 171
538 171
574 171
590 171
601 171
621 171
629 171
675 171
680 171
135 172
139 172
149 172
163 172
166 172
169 172
209 172
540 172
542 172
659 172
65 173
158 173
170 173
192 173
259 173
387 173
475 173
563 173
613 173
44 174
149 174
151 174
154 174
155 174
159 174
165 174
181 174
202 174
565 174
614 174
45 175
154 175
162 175
176 175
181 175
182 175
184 175
185 175
187 175
195 175
198 175
199 175
200 175
202 175
203 175
233 175
31 176
140 176
155 176
175 176
202 176
208 176
238 176
271 176
529 176
558 176
653 176
106 177
148 177
155 177
157 177
161 177
162 177
170 177
181 177
182 177
184 177
195 177
379 177
472 177
62 178
89 178
194 178
196 178
208 178
327 178
341 178
621 178
685 178
156 179
180 179
182 179
188 179
202 179
231 179
305 179
541 179
582 179
668 179
148 180
153 180
161 180
168 180
179 180
182 180
185 180
202 180
633 180
59 181
61 181
157 181
159 181
162 181
170 181
174 181
175 181
177 181
184 181
195 181
471 181
153 182
156 182
160 182
167 182
168 182
175 182
177 182
179 182
180 182
185 182
186 182
187 182
188 182
190 182
202 182
525 182
541 182
582 182
633 182
649 182
651 182
668 182
40 183
48 183
96 183
109 183
152 183
217 183
231 183
305 183
415 183
11 184
144 184
153 184
157 184
161 184
175 184
177 184
181 184
186 184
187 184
202 184
203 184
214 184
215 184
157 185
168 185
175 185
180 185
182 185
186 185
187 185
195 185
202 185
540 185
621 185
633 185
168 186
182 186
184 186
185 186
187 186
195 186
202 186
214 186
273 186
493 186
540 186
144 187
161 187
175 187
182 187
184 187
185 187
186 187
195 187
200 187
202 187
211 187
214 187
155 188
160 188
179 188
182 188
198 188
528 188
541 188
617 188
633 188
647 188
679 188
137 189
141 189
143 189
144 189
145 189
148 189
161 189
196 189
204 189
207 189
210 189
215 189
89 190
141 190
156 190
167 190
182 190
192 190
208 190
211 190
238 190
512 190
560 190
655 190
665 190
108 191
193 191
294 191
547 191
568 191
572 191
580 191
584 191
606 191
621 191
682 191
21 192
116 192
151 192
165 192
166 192
167 192
170 192
171 192
173 192
190 192
274 192
430 192
565 192
574 192
579 192
588 192
629 192
643 192
191 193
547 193
561 193
568 193
570 193
606 193
621 193
625 193
682 193
35 194
119 194
164 194
178 194
341 194
383 194
463 194
533 194
593 194
616 194
669 194
673 194
48 195
175 195
177 195
181 195
185 195
186 195
187 195
214 195
569 195
139 196
142 196
147 196
160 196
178 196
189 196
197 196
201 196
207 196
208 196
209 196
213 196
542 196
28 197
44 197
138 197
139 197
142 197
146 197
147 197
150 197
196 197
199 197
201 197
203 197
205 197
206 197
207 197
209 197
212 197
213 197
251 197
418 197
558 197
45 198
135 198
153 198
175 198
188 198
244 198
325 198
362 198
365 198
45 199
126 199
136 199
138 199
175 199
197 199
206 199
207 199
213 199
214 199
135 200
144 200
148 200
161 200
162 200
175 200
187 200
205 200
207 200
211 200
139 201
142 201
146 201
147 201
150 201
196 201
197 201
204 201
205 201
207 201
208 201
209 201
225 201
1 202
23 202
44 202
127 202
128 202
151 202
154 202
155 202
156 202
157 202
159 202
160 202
174 202
175 202
176 202
179 202
180 202
182 202
184 202
185 202
186 202
187 202
452 202
529 202
541 202
558 202
582 202
608 202
653 202
668 202
139 203
147 203
150 203
175 203
184 203
197 203
204 203
207 203
210 203
213 203
214 203
215 203
216 203
143 204
145 204
148 204
189 204
201 204
203 204
207 204
210 204
215 204
138 205
142 205
146 205
147 205
149 205
150 205
197 205
200 205
201 205
206 205
207 205
211 205
212 205
213 205
594 205
136 206
138 206
141 206
150 206
197 206
199 206
205 206
207 206
212 206
213 206
644 206
138 207
139 207
141 207
143 207
144 207
145 207
146 207
147 207
148 207
149 207
150 207
161 207
189 207
196 207
197 207
199 207
200 207
201 207
203 207
204 207
205 207
206 207
209 207
210 207
211 207
212 207
213 207
214 207
77 208
142 208
164 208
168 208
171 208
176 208
178 208
190 208
196 208
201 208
341 208
470 208
500 208
516 208
542 208
651 208
685 208
139 209
148 209
163 209
172 209
196 209
197 209
201 209
207 209
210 209
542 209
139 210
143 210
145 210
148 210
161 210
163 210
166 210
189 210
203 210
204 210
207 210
209 210
215 210
144 211
187 211
190 211
200 211
205 211
207 211
212 211
213 211
621 211
139 212
141 212
143 212
144 212
145 212
146 212
147 212
148 212
149 212
197 212
205 212
206 212
207 212
211 212
213 212
214 212
215 212
142 213
146 213
196 213
197 213
199 213
203 213
205 213
206 213
207 213
211 213
212 213
215 213
136 214
141 214
144 214
184 214
186 214
187 214
195 214
199 214
203 214
207 214
212 214
137 215
139 215
161 215
184 215
189 215
203 215
204 215
210 215
212 215
213 215
270 215
68 216
157 216
163 216
203 216
253 216
331 216
359 216
360 216
429 216
183 217
242 217
272 217
326 217
344 217
346 217
397 217
422 217
471 217
602 217
40 218
264 218
276 218
334 218
338 218
433 218
595 218
604 218
623 218
661 218
683 218
6 219
85 219
222 219
326 219
344 219
397 219
422 219
455 219
562 219
38 220
49 220
228 220
286 220
346 220
347 220
402 220
407 220
410 220
411 220
412 220
428 220
438 220
497 220
223 221
226 221
229 221
235 221
257 221
301 221
319 221
347 221
351 221
357 221
361 221
366 221
373 221
380 221
381 221
384 221
390 221
393 221
400 221
439 221
440 221
441 221
219 222
314 222
331 222
347 222
348 222
351 222
353 222
417 222
562 222
162 223
221 223
261 223
307 223
317 223
319 223
351 223
373 223
381 223
266 224
276 224
281 224
314 224
324 224
326 224
333 224
342 224
343 224
344 224
347 224
349 224
405 224
441 224
548 224
167 225
201 225
248 225
267 225
439 225
475 225
542 225
610 225
621 225
625 225
685 225
221 226
229 226
256 226
301 226
313 226
316 226
357 226
366 226
375 226
420 226
425 226
437 226
278 227
307 227
327 227
340 227
349 227
370 227
383 227
444 227
590 227
616 227
49 228
97 228
220 228
268 228
286 228
363 228
398 228
402 228
407 228
409 228
221 229
226 229
261 229
263 229
269 229
293 229
296 229
301 229
351 229
359 229
360 229
363 229
380 229
384 229
390 229
392 229
398 229
399 229
402 229
409 229
410 229
412 229
414 229
432 229
434 229
439 229
156 230
234 230
253 230
256 230
302 230
386 230
389 230
415 230
429 230
24 231
40 231
62 231
179 231
183 231
305 231
334 231
415 231
524 231
89 232
91 232
99 232
110 232
282 232
303 232
328 232
341 232
369 232
396 232
136 233
156 233
157 233
175 233
262 233
283 233
341 233
383 233
494 233
508 233
512 233
599 233
14 234
48 234
230 234
243 234
255 234
267 234
281 234
289 234
302 234
321 234
322 234
325 234
329 234
330 234
365 234
388 234
415 234
416 234
420 234
425 234
221 235
237 235
238 235
347 235
351 235
358 235
368 235
380 235
393 235
442 235
13 236
279 236
296 236
334 236
356 236
367 236
382 236
398 236
613 236
235 237
299 237
326 237
343 237
344 237
347 237
366 237
380 237
384 237
176 238
190 238
235 238
293 238
323 238
505 238
541 238
589 238
643 238
269 239
296 239
304 239
311 239
328 239
348 239
351 239
383 239
432 239
69 240
104 240
241 240
254 240
256 240
260 240
291 240
332 240
337 240
375 240
376 240
430 240
546 240
575 240
240 241
254 241
276 241
295 241
303 241
310 241
330 241
334 241
425 241
19 242
41 242
75 242
217 242
253 242
258 242
272 242
280 242
325 242
415 242
429 242
7 243
42 243
92 243
107 243
136 243
234 243
250 243
425 243
675 243
45 244
96 244
110 244
126 244
135 244
137 244
162 244
198 244
254 244
262 244
270 244
317 244
370 244
420 244
106 245
283 245
297 245
307 245
325 245
340 245
355 245
364 245
591 245
16 246
44 246
110 246
113 246
274 246
312 246
328 246
341 246
562 246
264 247
277 247
319 247
323 247
361 247
362 247
372 247
374 247
381 247
400 247
571 247
125 248
126 248
130 248
225 248
267 248
291 248
329 248
343 248
366 248
414 248
646 248
160 249
250 249
257 249
259 249
308 249
323 249
368 249
417 249
433 249
436 249
442 249
62 250
80 250
124 250
243 250
249 250
302 250
324 250
325 250
365 250
370 250
36 251
110 251
137 251
197 251
270 251
271 251
313 251
317 251
321 251
418 251
110 252
295 252
300 252
305 252
306 252
310 252
333 252
337 252
420 252
5 253
122 253
156 253
216 253
230 253
242 253
262 253
292 253
295 253
302 253
312 253
338 253
360 253
367 253
375 253
379 253
429 253
40 254
48 254
81 254
240 254
241 254
244 254
256 254
259 254
268 254
276 254
290 254
293 254
295 254
310 254
311 254
324 254
334 254
370 254
388 254
433 254
526 254
540 254
590 254
597 254
654 254
234 255
260 255
267 255
313 255
321 255
337 255
399 255
415 255
425 255
442 255
226 256
230 256
240 256
254 256
302 256
303 256
304 256
311 256
313 256
337 256
350 256
375 256
386 256
395 256
420 256
221 257
249 257
315 257
326 257
331 257
347 257
348 257
351 257
380 257
384 257
405 257
504 257
23 258
75 258
242 258
263 258
317 258
367 258
376 258
404 258
437 258
472 258
170 259
173 259
249 259
254 259
264 259
276 259
308 259
323 259
417 259
433 259
436 259
69 260
240 260
255 260
282 260
291 260
324 260
347 260
375 260
433 260
56 261
223 261
229 261
284 261
289 261
292 261
317 261
318 261
357 261
371 261
392 261
418 261
424 261
431 261
30 262
46 262
233 262
244 262
253 262
269 262
308 262
338 262
351 262
356 262
358 262
364 262
367 262
379 262
382 262
403 262
406 262
414 262
429 262
433 262
13 263
229 263
258 263
275 263
282 263
284 263
296 263
318 263
328 263
356 263
363 263
392 263
396 263
399 263
416 263
423 263
427 263
431 263
432 263
437 263
4 264
52 264
115 264
122 264
218 264
247 264
259 264
294 264
314 264
351 264
394 264
433 264
442 264
524 264
595 264
597 264
657 264
277 265
307 265
369 265
372 265
380 265
391 265
394 265
433 265
442 265
156 266
224 266
272 266
303 266
333 266
335 266
343 266
405 266
420 266
62 267
225 267
234 267
248 267
255 267
305 267
306 267
313 267
329 267
370 267
425 267
646 267
31 268
68 268
228 268
254 268
271 268
339 268
348 268
407 268
427 268
590 268
13 269
229 269
239 269
262 269
296 269
301 269
360 269
363 269
398 269
414 269
432 269
137 270
215 270
244 270
251 270
288 270
317 270
331 270
333 270
418 270
31 271
73 271
163 271
176 271
251 271
268 271
288 271
299 271
326 271
331 271
344 271
348 271
559 271
75 272
118 272
152 272
217 272
242 272
266 272
320 272
385 272
396 272
397 272
422 272
427 272
106 273
186 273
292 273
334 273
383 273
492 273
507 273
599 273
664 273
167 274
192 274
246 274
300 274
327 274
337 274
445 274
515 274
586 274
616 274
665 274
263 275
293 275
296 275
318 275
328 275
372 275
392 275
416 275
431 275
434 275
637 275
99 276
109 276
156 276
218 276
224 276
241 276
254 276
259 276
283 276
293 276
295 276
301 276
302 276
310 276
324 276
358 276
370 276
377 276
398 276
409 276
414 276
115 277
247 277
265 277
297 277
336 277
357 277
361 277
368 277
369 277
371 277
372 277
374 277
378 277
380 277
442 277
79 278
227 278
356 278
386 278
395 278
398 278
432 278
585 278
605 278
14 279
58 279
62 279
236 279
299 279
307 279
382 279
383 279
524 279
549 279
19 280
41 280
242 280
295 280
310 280
325 280
327 280
370 280
383 280
408 280
430 280
590 280
684 280
167 281
224 281
234 281
322 281
329 281
330 281
388 281
435 281
590 281
232 282
260 282
263 282
283 282
291 282
296 282
301 282
318 282
328 282
392 282
399 282
413 282
416 282
423 282
445 282
233 283
245 283
276 283
282 283
386 283
423 283
480 283
494 283
671 283
15 284
34 284
79 284
122 284
130 284
261 284
263 284
316 284
318 284
371 284
418 284
424 284
60 285
94 285
286 285
287 285
342 285
346 285
401 285
413 285
421 285
428 285
38 286
39 286
49 286
220 286
228 286
285 286
348 286
395 286
401 286
402 286
406 286
407 286
408 286
410 286
411 286
412 286
419 286
428 286
438 286
497 286
15 287
60 287
85 287
100 287
129 287
153 287
285 287
288 287
342 287
362 287
413 287
540 287
591 287
644 287
659 287
30 288
31 288
100 288
137 288
166 288
169 288
270 288
271 288
287 288
312 288
413 288
536 288
559 288
119 289
234 289
261 289
325 289
365 289
371 289
415 289
418 289
424 289
431 289
554 289
614 289
163 290
166 290
169 290
171 290
254 290
295 290
306 290
310 290
330 290
69 291
240 291
248 291
260 291
282 291
332 291
375 291
376 291
399 291
414 291
433 291
667 291
164 292
253 292
261 292
273 292
348 292
354 292
357 292
371 292
379 292
393 292
424 292
429 292
490 292
229 293
238 293
254 293
275 293
276 293
296 293
315 293
328 293
333 293
370 293
382 293
401 293
423 293
441 293
158 294
191 294
264 294
298 294
300 294
303 294
335 294
399 294
476 294
241 295
252 295
253 295
254 295
276 295
280 295
290 295
306 295
310 295
370 295
429 295
13 296
229 296
236 296
239 296
263 296
269 296
275 296
282 296
293 296
313 296
318 296
320 296
328 296
336 296
376 296
380 296
382 296
386 296
392 296
396 296
399 296
423 296
431 296
432 296
106 297
245 297
277 297
298 297
346 297
355 297
369 297
374 297
417 297
158 298
294 298
297 298
314 298
335 298
366 298
369 298
403 298
421 298
237 299
271 299
279 299
315 299
329 299
335 299
383 299
387 299
438 299
158 300
252 300
274 300
294 300
313 300
335 300
337 300
370 300
372 300
399 300
221 301
226 301
229 301
269 301
276 301
282 301
338 301
357 301
359 301
360 301
361 301
363 301
367 301
384 301
399 301
403 301
410 301
433 301
434 301
435 301
439 301
440 301
230 302
234 302
250 302
253 302
256 302
276 302
321 302
330 302
415 302
420 302
425 302
429 302
36 303
59 303
74 303
232 303
241 303
256 303
266 303
294 303
335 303
337 303
425 303
515 303
536 303
14 304
16 304
30 304
106 304
110 304
113 304
129 304
239 304
256 304
348 304
31 305
179 305
183 305
231 305
252 305
267 305
329 305
335 305
399 305
31 306
252 306
267 306
290 306
295 306
310 306
331 306
351 306
381 306
20 307
223 307
227 307
245 307
265 307
279 307
322 307
331 307
335 307
355 307
441 307
469 307
46 308
249 308
259 308
262 308
323 308
352 308
355 308
356 308
363 308
364 308
367 308
368 308
391 308
398 308
402 308
406 308
409 308
410 308
411 308
412 308
426 308
432 308
433 308
473 308
73 309
348 309
360 309
361 309
420 309
425 309
534 309
613 309
633 309
167 310
241 310
252 310
254 310
276 310
280 310
290 310
295 310
306 310
324 310
327 310
590 310
239 311
254 311
256 311
322 311
348 311
351 311
386 311
417 311
433 311
437 311
16 312
31 312
124 312
137 312
156 312
169 312
246 312
253 312
288 312
339 312
404 312
429 312
559 312
158 313
226 313
251 313
255 313
256 313
267 313
296 313
300 313
328 313
329 313
332 313
370 313
375 313
376 313
399 313
420 313
425 313
4 314
222 314
224 314
264 314
298 314
322 314
326 314
342 314
343 314
344 314
348 314
353 314
388 314
389 314
405 314
441 314
456 314
524 314
106 315
257 315
293 315
299 315
348 315
368 315
383 315
387 315
393 315
81 316
130 316
226 316
284 316
342 316
343 316
347 316
366 316
389 316
393 316
403 316
443 316
223 317
244 317
251 317
258 317
261 317
270 317
321 317
424 317
507 317
56 318
82 318
261 318
263 318
275 318
282 318
284 318
296 318
370 318
392 318
416 318
418 318
423 318
424 318
166 319
169 319
221 319
223 319
247 319
357 319
360 319
373 319
374 319
381 319
420 319
436 319
437 319
439 319
490 319
51 320
70 320
94 320
152 320
272 320
296 320
328 320
418 320
423 320
580 320
234 321
251 321
255 321
302 321
317 321
330 321
365 321
415 321
425 321
234 322
281 322
307 322
311 322
314 322
330 322
350 322
386 322
388 322
389 322
415 322
435 322
238 323
247 323
249 323
259 323
308 323
361 323
417 323
436 323
541 323
224 324
250 324
254 324
260 324
276 324
310 324
365 324
370 324
395 324
430 324
433 324
590 324
597 324
615 324
616 324
632 324
657 324
676 324
14 325
73 325
106 325
198 325
234 325
242 325
245 325
250 325
280 325
289 325
330 325
365 325
383 325
415 325
554 325
130 326
217 326
219 326
224 326
237 326
257 326
271 326
314 326
331 326
342 326
343 326
344 326
346 326
347 326
348 326
353 326
354 326
366 326
384 326
390 326
393 326
400 326
401 326
404 326
405 326
441 326
61 327
81 327
158 327
178 327
227 327
274 327
280 327
310 327
370 327
464 327
471 327
566 327
576 327
590 327
616 327
621 327
685 327
2 328
13 328
232 328
239 328
246 328
263 328
275 328
282 328
293 328
296 328
313 328
320 328
363 328
367 328
369 328
376 328
380 328
392 328
396 328
399 328
423 328
427 328
432 328
437 328
442 328
234 329
248 329
267 329
281 329
299 329
305 329
313 329
330 329
334 329
415 329
420 329
425 329
526 329
654 329
234 330
241 330
281 330
290 330
302 330
321 330
322 330
325 330
329 330
332 330
334 330
365 330
388 330
389 330
415 330
416 330
420 330
425 330
526 330
654 330
684 330
163 331
216 331
222 331
257 331
270 331
271 331
306 331
307 331
326 331
342 331
343 331
344 331
346 331
347 331
348 331
349 331
353 331
386 331
240 332
291 332
313 332
330 332
356 332
363 332
370 332
375 332
420 332
5 333
109 333
137 333
224 333
252 333
266 333
270 333
293 333
343 333
400 333
405 333
441 333
590 333
599 333
218 334
231 334
236 334
241 334
254 334
273 334
329 334
330 334
340 334
367 334
370 334
386 334
415 334
425 334
609 334
158 335
266 335
294 335
298 335
299 335
300 335
303 335
305 335
307 335
337 335
355 335
356 335
380 335
392 335
399 335
469 335
2 336
277 336
296 336
361 336
378 336
380 336
411 336
417 336
421 336
432 336
513 336
158 337
240 337
252 337
255 337
256 337
274 337
300 337
303 337
335 337
370 337
387 337
563 337
30 338
156 338
218 338
253 338
262 338
301 338
356 338
357 338
398 338
661 338
268 339
312 339
526 339
547 339
586 339
625 339
646 339
654 339
659 339
227 340
245 340
334 340
341 340
369 340
372 340
406 340
434 340
436 340
62 341
68 341
121 341
132 341
170 341
178 341
194 341
208 341
232 341
233 341
246 341
340 341
397 341
422 341
454 341
543 341
563 341
607 341
620 341
627 341
224 342
285 342
287 342
314 342
316 342
326 342
331 342
343 342
344 342
346 342
347 342
348 342
349 342
353 342
393 342
401 342
405 342
438 342
456 342
130 343
147 343
224 343
237 343
248 343
266 343
314 343
316 343
326 343
331 343
333 343
342 343
344 343
346 343
347 343
349 343
351 343
353 343
355 343
366 343
380 343
393 343
401 343
404 343
405 343
438 343
609 343
130 344
217 344
219 344
224 344
237 344
271 344
314 344
326 344
331 344
342 344
343 344
346 344
347 344
348 344
353 344
366 344
384 344
390 344
393 344
400 344
401 344
404 344
405 344
441 344
347 345
349 345
355 345
374 345
380 345
386 345
400 345
411 345
417 345
438 345
130 346
217 346
220 346
285 346
297 346
326 346
331 346
342 346
343 346
344 346
347 346
348 346
352 346
353 346
354 346
355 346
364 346
393 346
401 346
411 346
438 346
497 346
46 347
130 347
220 347
221 347
222 347
224 347
235 347
237 347
257 347
260 347
316 347
326 347
331 347
342 347
343 347
344 347
345 347
346 347
348 347
349 347
351 347
352 347
353 347
354 347
355 347
364 347
366 347
368 347
379 347
380 347
391 347
393 347
401 347
403 347
404 347
411 347
412 347
438 347
441 347
106 348
222 348
239 348
257 348
268 348
271 348
286 348
292 348
304 348
309 348
311 348
314 348
315 348
326 348
331 348
342 348
344 348
346 348
347 348
349 348
353 348
524 348
13 349
130 349
224 349
227 349
331 349
342 349
343 349
345 349
347 349
348 349
350 349
352 349
353 349
355 349
380 349
381 349
382 349
149 350
154 350
165 350
256 350
322 350
349 350
386 350
405 350
542 350
46 351
221 351
222 351
223 351
229 351
235 351
239 351
257 351
262 351
264 351
306 351
311 351
343 351
347 351
354 351
368 351
379 351
380 351
391 351
394 351
397 351
404 351
410 351
433 351
441 351
442 351
308 352
346 352
347 352
349 352
401 352
402 352
411 352
412 352
438 352
57 353
130 353
222 353
314 353
326 353
331 353
342 353
343 353
344 353
346 353
347 353
348 353
349 353
354 353
404 353
292 354
326 354
346 354
347 354
351 354
353 354
362 354
370 354
401 354
599 354
245 355
297 355
307 355
308 355
335 355
343 355
345 355
346 355
347 355
349 355
362 355
401 355
402 355
417 355
438 355
488 355
513 355
6 356
46 356
64 356
236 356
262 356
263 356
278 356
308 356
332 356
335 356
338 356
358 356
360 356
363 356
367 356
398 356
426 356
432 356
473 356
221 357
226 357
261 357
277 357
292 357
301 357
319 357
338 357
360 357
363 357
369 357
371 357
372 357
373 357
424 357
434 357
439 357
440 357
235 358
262 358
276 358
356 358
377 358
382 358
385 358
397 358
406 358
411 358
216 359
229 359
301 359
360 359
363 359
398 359
402 359
414 359
432 359
439 359
13 360
216 360
229 360
253 360
269 360
301 360
309 360
319 360
356 360
357 360
359 360
361 360
363 360
369 360
373 360
375 360
376 360
398 360
410 360
426 360
427 360
429 360
432 360
434 360
435 360
439 360
440 360
21 361
121 361
221 361
247 361
277 361
301 361
309 361
323 361
336 361
360 361
368 361
369 361
372 361
374 361
378 361
380 361
381 361
403 361
411 361
417 361
421 361
431 361
434 361
435 361
436 361
439 361
440 361
513 361
115 362
138 362
153 362
198 362
247 362
287 362
354 362
355 362
374 362
436 362
440 362
493 362
513 362
540 362
571 362
643 362
15 363
39 363
49 363
97 363
228 363
229 363
263 363
269 363
301 363
308 363
328 363
332 363
356 363
357 363
359 363
360 363
377 363
385 363
397 363
398 363
399 363
402 363
407 363
409 363
410 363
426 363
432 363
434 363
439 363
440 363
75 364
124 364
245 364
262 364
308 364
346 364
347 364
380 364
387 364
402 364
411 364
412 364
438 364
198 365
234 365
250 365
289 365
321 365
324 365
325 365
330 365
415 365
554 365
64 366
130 366
221 366
226 366
237 366
248 366
298 366
316 366
326 366
343 366
344 366
347 366
236 367
253 367
258 367
262 367
301 367
308 367
328 367
334 367
356 367
398 367
402 367
426 367
429 367
432 367
21 368
235 368
249 368
277 368
308 368
315 368
347 368
351 368
361 368
372 368
374 368
378 368
379 368
380 368
391 368
403 368
433 368
435 368
440 368
442 368
459 368
512 368
513 368
115 369
232 369
265 369
277 369
297 369
298 369
328 369
340 369
357 369
360 369
361 369
371 369
372 369
374 369
442 369
156 370
227 370
244 370
250 370
254 370
267 370
276 370
280 370
293 370
295 370
300 370
313 370
318 370
324 370
327 370
332 370
334 370
337 370
354 370
379 370
386 370
408 370
414 370
416 370
420 370
422 370
444 370
590 370
15 371
56 371
122 371
261 371
277 371
284 371
289 371
292 371
357 371
369 371
372 371
424 371
21 372
115 372
247 372
265 372
275 372
277 372
300 372
340 372
357 372
361 372
368 372
369 372
371 372
374 372
378 372
380 372
393 372
394 372
442 372
166 373
169 373
221 373
223 373
319 373
357 373
360 373
374 373
381 373
420 373
437 373
439 373
490 373
115 374
247 374
277 374
297 374
319 374
345 374
361 374
362 374
368 374
369 374
372 374
373 374
378 374
381 374
396 374
417 374
513 374
526 374
654 374
226 375
240 375
253 375
256 375
260 375
291 375
313 375
332 375
360 375
376 375
429 375
439 375
442 375
483 375
484 375
240 376
258 376
291 376
296 376
313 376
328 376
360 376
375 376
432 376
442 376
575 376
39 377
49 377
51 377
64 377
74 377
75 377
86 377
97 377
276 377
358 377
363 377
385 377
397 377
398 377
406 377
409 377
419 377
427 377
2 378
96 378
277 378
336 378
361 378
368 378
372 378
374 378
417 378
421 378
435 378
451 378
177 379
253 379
262 379
292 379
347 379
351 379
368 379
370 379
429 379
433 379
442 379
221 380
229 380
235 380
237 380
257 380
265 380
277 380
296 380
328 380
335 380
336 380
343 380
345 380
347 380
349 380
351 380
361 380
364 380
368 380
372 380
391 380
393 380
400 380
403 380
410 380
412 380
417 380
421 380
433 380
435 380
442 380
69 381
221 381
223 381
247 381
306 381
319 381
349 381
361 381
373 381
374 381
430 381
435 381
571 381
46 382
236 382
262 382
279 382
293 382
296 382
349 382
358 382
411 382
14 383
62 383
194 383
227 383
233 383
239 383
273 383
279 383
280 383
299 383
315 383
325 383
437 383
593 383
616 383
93 384
221 384
229 384
237 384
257 384
301 384
326 384
344 384
390 384
391 384
431 384
432 384
434 384
439 384
49 385
51 385
86 385
272 385
358 385
363 385
377 385
387 385
396 385
398 385
410 385
419 385
427 385
541 385
230 386
256 386
278 386
283 386
296 386
311 386
322 386
331 386
334 386
345 386
350 386
370 386
389 386
395 386
400 386
420 386
11 387
40 387
108 387
127 387
152 387
154 387
156 387
158 387
173 387
299 387
315 387
337 387
364 387
385 387
419 387
563 387
41 388
96 388
234 388
254 388
281 388
314 388
322 388
330 388
389 388
415 388
441 388
684 388
230 389
314 389
316 389
322 389
330 389
386 389
388 389
400 389
435 389
221 390
229 390
326 390
344 390
384 390
391 390
432 390
434 390
439 390
265 391
308 391
347 391
351 391
368 391
380 391
384 391
390 391
432 391
433 391
593 391
160 392
229 392
261 392
263 392
275 392
282 392
296 392
318 392
328 392
335 392
399 392
416 392
424 392
21 393
221 393
235 393
292 393
315 393
316 393
326 393
342 393
343 393
344 393
346 393
347 393
372 393
380 393
4 394
31 394
52 394
71 394
115 394
264 394
265 394
351 394
372 394
433 394
442 394
585 394
613 394
657 394
673 394
31 395
69 395
80 395
117 395
256 395
278 395
286 395
324 395
386 395
401 395
23 396
35 396
43 396
152 396
232 396
263 396
272 396
296 396
328 396
374 396
385 396
399 396
427 396
442 396
515 396
519 396
549 396
586 396
672 396
51 397
86 397
217 397
219 397
272 397
341 397
351 397
358 397
363 397
377 397
398 397
410 397
412 397
422 397
433 397
442 397
562 397
15 398
39 398
49 398
51 398
57 398
86 398
97 398
228 398
229 398
236 398
269 398
276 398
278 398
308 398
338 398
356 398
359 398
360 398
363 398
367 398
377 398
385 398
397 398
399 398
402 398
407 398
409 398
410 398
414 398
419 398
426 398
432 398
434 398
158 399
229 399
255 399
263 399
282 399
291 399
294 399
296 399
300 399
301 399
305 399
313 399
328 399
335 399
363 399
392 399
396 399
398 399
434 399
106 400
221 400
247 400
326 400
333 400
344 400
345 400
380 400
386 400
389 400
417 400
436 400
285 401
286 401
293 401
326 401
342 401
343 401
344 401
346 401
347 401
352 401
354 401
355 401
395 401
406 401
438 401
637 401
220 402
228 402
229 402
286 402
308 402
352 402
355 402
359 402
363 402
364 402
367 402
398 402
407 402
409 402
410 402
411 402
412 402
419 402
428 402
432 402
262 403
298 403
301 403
316 403
347 403
361 403
368 403
380 403
406 403
435 403
442 403
130 404
258 404
312 404
326 404
343 404
344 404
347 404
351 404
353 404
405 404
417 404
224 405
257 405
266 405
314 405
326 405
333 405
342 405
343 405
344 405
350 405
404 405
421 405
262 406
286 406
308 406
340 406
358 406
377 406
401 406
403 406
409 406
410 406
428 406
609 406
49 407
97 407
220 407
228 407
268 407
286 407
363 407
398 407
402 407
409 407
280 408
286 408
370 408
410 408
412 408
422 408
426 408
590 408
616 408
22 409
39 409
49 409
228 409
229 409
276 409
308 409
363 409
377 409
398 409
402 409
406 409
407 409
410 409
426 409
15 410
38 410
39 410
46 410
220 410
229 410
286 410
301 410
308 410
351 410
360 410
363 410
380 410
385 410
397 410
398 410
402 410
406 410
408 410
409 410
412 410
428 410
220 411
286 411
308 411
336 411
345 411
346 411
347 411
352 411
358 411
361 411
364 411
382 411
402 411
412 411
417 411
421 411
438 411
51 412
115 412
220 412
229 412
286 412
308 412
347 412
352 412
364 412
380 412
397 412
402 412
408 412
410 412
411 412
419 412
428 412
435 412
438 412
60 413
100 413
129 413
282 413
285 413
287 413
288 413
423 413
486 413
30 414
156 414
229 414
248 414
262 414
269 414
276 414
291 414
359 414
370 414
398 414
432 414
439 414
455 414
14 415
48 415
96 415
183 415
230 415
231 415
234 415
242 415
255 415
289 415
302 415
321 415
322 415
325 415
329 415
330 415
334 415
365 415
388 415
416 415
420 415
425 415
526 415
554 415
654 415
48 416
96 416
234 416
263 416
275 416
282 416
318 416
330 416
370 416
392 416
415 416
222 417
249 417
259 417
297 417
311 417
323 417
336 417
345 417
355 417
361 417
374 417
378 417
380 417
400 417
404 417
411 417
421 417
435 417
436 417
513 417
36 418
79 418
110 418
130 418
155 418
197 418
251 418
261 418
270 418
284 418
289 418
318 418
320 418
424 418
11 419
38 419
49 419
51 419
75 419
152 419
286 419
377 419
385 419
387 419
398 419
402 419
412 419
428 419
31 420
226 420
234 420
244 420
252 420
256 420
266 420
302 420
309 420
313 420
319 420
329 420
330 420
332 420
370 420
373 420
386 420
415 420
425 420
439 420
130 421
285 421
298 421
336 421
361 421
378 421
380 421
405 421
411 421
417 421
435 421
513 421
4 422
6 422
50 422
81 422
82 422
85 422
94 422
100 422
132 422
217 422
219 422
272 422
341 422
370 422
397 422
408 422
590 422
615 422
632 422
62 423
109 423
263 423
282 423
283 423
293 423
296 423
318 423
320 423
328 423
413 423
432 423
590 423
591 423
56 424
261 424
284 424
289 424
292 424
317 424
318 424
357 424
371 424
392 424
418 424
431 424
439 424
226 425
234 425
241 425
243 425
255 425
267 425
302 425
303 425
309 425
313 425
321 425
329 425
330 425
334 425
415 425
420 425
39 426
46 426
64 426
97 426
99 426
308 426
356 426
360 426
363 426
367 426
398 426
408 426
409 426
432 426
434 426
64 427
263 427
268 427
272 427
328 427
360 427
377 427
385 427
396 427
14 428
22 428
38 428
39 428
49 428
93 428
220 428
285 428
286 428
402 428
406 428
410 428
412 428
419 428
438 428
122 429
156 429
216 429
230 429
242 429
253 429
262 429
292 429
295 429
302 429
312 429
360 429
367 429
375 429
379 429
192 430
240 430
280 430
324 430
381 430
517 430
574 430
590 430
629 430
261 431
263 431
275 431
289 431
296 431
361 431
384 431
424 431
432 431
667 431
13 432
46 432
229 432
239 432
263 432
269 432
278 432
296 432
308 432
328 432
336 432
356 432
359 432
360 432
363 432
367 432
376 432
384 432
390 432
391 432
398 432
402 432
414 432
423 432
426 432
431 432
434 432
437 432
439 432
46 433
218 433
249 433
254 433
259 433
260 433
262 433
264 433
265 433
291 433
301 433
308 433
311 433
324 433
351 433
368 433
379 433
380 433
391 433
394 433
397 433
442 433
3 434
229 434
275 434
301 434
340 434
357 434
360 434
361 434
363 434
384 434
390 434
398 434
399 434
426 434
432 434
439 434
440 434
281 435
301 435
322 435
360 435
361 435
368 435
378 435
380 435
381 435
389 435
403 435
412 435
417 435
421 435
438 435
249 436
259 436
319 436
323 436
340 436
361 436
362 436
400 436
417 436
513 436
2 437
226 437
258 437
263 437
311 437
319 437
328 437
373 437
383 437
432 437
130 438
220 438
286 438
299 438
342 438
343 438
345 438
346 438
347 438
352 438
355 438
364 438
401 438
411 438
412 438
428 438
435 438
497 438
221 439
225 439
229 439
301 439
319 439
357 439
359 439
360 439
361 439
363 439
373 439
375 439
384 439
390 439
414 439
420 439
424 439
432 439
434 439
440 439
620 439
118 440
221 440
301 440
357 440
360 440
361 440
362 440
363 440
368 440
434 440
439 440
556 440
3 441
73 441
221 441
224 441
293 441
307 441
314 441
326 441
333 441
344 441
347 441
351 441
388 441
442 441
454 441
115 442
235 442
249 442
255 442
264 442
265 442
277 442
328 442
351 442
368 442
369 442
372 442
375 442
376 442
379 442
380 442
394 442
396 442
397 442
403 442
433 442
441 442
76 443
316 443
447 443
448 443
449 443
452 443
453 443
455 443
572 443
48 444
227 444
370 444
445 444
446 444
448 444
450 444
467 444
493 444
583 444
590 444
685 444
274 445
282 445
444 445
454 445
457 445
478 445
493 445
540 445
590 445
665 445
444 446
447 446
450 446
451 446
452 446
454 446
455 446
457 446
459 446
467 446
512 446
443 447
446 447
448 447
449 447
452 447
453 447
455 447
488 447
543 447
562 447
164 448
443 448
444 448
447 448
449 448
452 448
455 448
475 448
488 448
597 448
443 449
447 449
448 449
452 449
453 449
455 449
467 449
503 449
558 449
166 450
444 450
446 450
452 450
455 450
457 450
482 450
501 450
685 450
1 451
116 451
151 451
378 451
446 451
465 451
497 451
508 451
558 451
143 452
148 452
161 452
202 452
443 452
446 452
447 452
448 452
449 452
450 452
453 452
455 452
443 453
447 453
449 453
452 453
467 453
504 453
520 453
543 453
642 453
685 453
17 454
168 454
341 454
441 454
445 454
446 454
457 454
468 454
478 454
552 454
563 454
607 454
678 454
685 454
219 455
414 455
443 455
446 455
447 455
448 455
449 455
450 455
452 455
509 455
31 456
59 456
314 456
342 456
524 456
559 456
574 456
591 456
629 456
445 457
446 457
450 457
454 457
493 457
518 457
540 457
572 457
685 457
462 458
465 458
467 458
470 458
472 458
473 458
474 458
496 458
498 458
502 458
368 459
446 459
467 459
477 459
487 459
491 459
494 459
496 459
502 459
628 459
685 459
465 460
498 460
537 460
543 460
547 460
571 460
621 460
625 460
642 460
685 460
156 461
462 461
464 461
467 461
468 461
469 461
470 461
489 461
552 461
633 461
656 461
5 462
12 462
47 462
458 462
461 462
464 462
471 462
478 462
572 462
62 463
94 463
194 463
465 463
466 463
492 463
500 463
520 463
543 463
557 463
576 463
577 463
582 463
597 463
625 463
685 463
59 464
61 464
103 464
133 464
327 464
461 464
462 464
471 464
596 464
451 465
458 465
460 465
463 465
492 465
494 465
498 465
500 465
508 465
625 465
685 465
463 466
485 466
492 466
494 466
499 466
500 466
540 466
582 466
643 466
444 467
446 467
449 467
453 467
458 467
459 467
461 467
468 467
469 467
470 467
488 467
494 467
512 467
543 467
576 467
642 467
685 467
454 468
461 468
467 468
469 468
470 468
537 468
543 468
547 468
576 468
685 468
59 469
61 469
89 469
307 469
335 469
461 469
467 469
468 469
470 469
208 470
458 470
461 470
467 470
468 470
469 470
472 470
506 470
508 470
59 471
61 471
77 471
84 471
103 471
181 471
217 471
327 471
462 471
464 471
31 472
177 472
258 472
458 472
470 472
495 472
496 472
498 472
500 472
508 472
308 473
356 473
458 473
474 473
476 473
496 473
505 473
506 473
507 473
458 474
473 474
476 474
479 474
486 474
487 474
491 474
496 474
502 474
503 474
505 474
506 474
507 474
167 475
173 475
225 475
448 475
482 475
488 475
492 475
494 475
499 475
500 475
294 476
473 476
474 476
477 476
479 476
496 476
502 476
503 476
505 476
459 477
476 477
480 477
494 477
499 477
500 477
501 477
504 477
507 477
168 478
445 478
454 478
462 478
481 478
482 478
487 478
491 478
492 478
493 478
500 478
503 478
508 478
685 478
474 479
476 479
487 479
491 479
496 479
502 479
503 479
505 479
506 479
507 479
283 480
477 480
481 480
485 480
487 480
488 480
489 480
491 480
494 480
501 480
505 480
506 480
507 480
478 481
480 481
487 481
491 481
493 481
494 481
501 481
503 481
507 481
510 481
450 482
475 482
478 482
485 482
489 482
490 482
492 482
495 482
497 482
501 482
502 482
503 482
625 482
685 482
31 483
375 483
484 483
485 483
486 483
489 483
494 483
495 483
499 483
31 484
375 484
483 484
485 484
486 484
489 484
494 484
495 484
499 484
466 485
480 485
482 485
483 485
484 485
487 485
490 485
491 485
495 485
497 485
501 485
502 485
503 485
504 485
506 485
60 486
165 486
413 486
474 486
483 486
484 486
493 486
494 486
496 486
503 486
459 487
474 487
478 487
479 487
480 487
481 487
485 487
489 487
491 487
494 487
495 487
501 487
502 487
503 487
510 487
512 487
355 488
447 488
448 488
467 488
475 488
480 488
489 488
490 488
636 488
666 488
461 489
480 489
482 489
483 489
484 489
487 489
488 489
491 489
492 489
497 489
502 489
506 489
547 489
625 489
642 489
685 489
292 490
319 490
373 490
482 490
485 490
488 490
495 490
497 490
501 490
459 491
474 491
478 491
479 491
480 491
481 491
485 491
487 491
489 491
494 491
495 491
501 491
502 491
503 491
510 491
512 491
273 492
463 492
465 492
466 492
475 492
478 492
482 492
489 492
500 492
520 492
582 492
625 492
630 492
685 492
17 493
168 493
170 493
186 493
362 493
444 493
445 493
457 493
478 493
481 493
486 493
494 493
495 493
499 493
540 493
572 493
592 493
618 493
233 494
283 494
459 494
465 494
466 494
467 494
475 494
477 494
480 494
481 494
483 494
484 494
486 494
487 494
491 494
493 494
499 494
501 494
507 494
642 494
136 495
472 495
482 495
483 495
484 495
485 495
487 495
490 495
491 495
493 495
501 495
503 495
8 496
458 496
459 496
472 496
473 496
474 496
476 496
479 496
486 496
502 496
503 496
504 496
505 496
506 496
220 497
286 497
346 497
438 497
451 497
482 497
485 497
489 497
490 497
506 497
458 498
460 498
465 498
472 498
508 498
510 498
537 498
547 498
568 498
584 498
621 498
625 498
642 498
685 498
466 499
475 499
477 499
483 499
484 499
493 499
494 499
500 499
507 499
89 500
135 500
136 500
157 500
208 500
463 500
465 500
466 500
472 500
475 500
477 500
478 500
492 500
499 500
508 500
520 500
630 500
685 500
450 501
477 501
480 501
481 501
482 501
485 501
487 501
490 501
491 501
494 501
495 501
503 501
507 501
458 502
459 502
474 502
476 502
479 502
482 502
485 502
487 502
489 502
491 502
496 502
503 502
506 502
449 503
474 503
476 503
478 503
479 503
481 503
482 503
485 503
486 503
487 503
491 503
495 503
496 503
501 503
502 503
507 503
4 504
62 504
150 504
257 504
453 504
477 504
485 504
496 504
524 504
554 504
642 504
238 505
473 505
474 505
476 505
479 505
480 505
496 505
506 505
507 505
12 506
470 506
473 506
474 506
479 506
480 506
485 506
489 506
496 506
497 506
502 506
505 506
273 507
317 507
473 507
474 507
477 507
479 507
480 507
481 507
494 507
499 507
501 507
503 507
505 507
233 508
451 508
465 508
470 508
472 508
478 508
498 508
500 508
509 508
510 508
511 508
537 508
547 508
572 508
621 508
685 508
56 509
58 509
60 509
92 509
95 509
107 509
455 509
508 509
512 509
481 510
487 510
491 510
498 510
508 510
547 510
568 510
584 510
685 510
508 511
512 511
543 511
547 511
566 511
569 511
576 511
682 511
685 511
157 512
190 512
233 512
368 512
446 512
467 512
487 512
491 512
509 512
511 512
336 513
355 513
361 513
362 513
368 513
374 513
417 513
421 513
436 513
67 514
136 514
540 514
543 514
548 514
562 514
570 514
573 514
576 514
591 514
618 514
622 514
624 514
140 515
146 515
274 515
303 515
396 515
518 515
519 515
559 515
586 515
208 516
566 516
576 516
577 516
578 516
579 516
631 516
642 516
671 516
685 516
171 517
430 517
538 517
552 517
574 517
583 517
590 517
598 517
601 517
621 517
629 517
656 517
675 517
85 518
457 518
515 518
539 518
540 518
544 518
545 518
549 518
552 518
563 518
567 518
581 518
586 518
659 518
396 519
515 519
555 519
607 519
633 519
637 519
638 519
667 519
672 519
678 519
31 520
453 520
463 520
492 520
500 520
537 520
575 520
642 520
677 520
81 521
104 521
108 521
131 521
523 521
534 521
567 521
575 521
586 521
604 521
609 521
623 521
634 521
645 521
657 521
661 521
666 521
683 521
4 522
106 522
525 522
551 522
587 522
605 522
648 522
650 522
660 522
670 522
674 522
676 522
521 523
531 523
534 523
546 523
551 523
575 523
585 523
590 523
596 523
603 523
604 523
615 523
632 523
634 523
645 523
657 523
661 523
676 523
677 523
681 523
683 523
4 524
62 524
106 524
231 524
264 524
279 524
314 524
348 524
456 524
504 524
160 525
182 525
522 525
528 525
529 525
531 525
551 525
552 525
587 525
596 525
603 525
633 525
638 525
647 525
649 525
650 525
653 525
655 525
665 525
670 525
674 525
147 526
254 526
329 526
330 526
339 526
374 526
415 526
654 526
684 526
529 527
531 527
551 527
589 527
603 527
640 527
642 527
646 527
648 527
653 527
670 527
674 527
105 528
188 528
525 528
529 528
538 528
582 528
601 528
613 528
617 528
633 528
647 528
649 528
650 528
653 528
673 528
674 528
8 529
20 529
24 529
52 529
82 529
164 529
176 529
202 529
525 529
527 529
528 529
530 529
531 529
533 529
551 529
587 529
603 529
640 529
647 529
649 529
653 529
655 529
670 529
674 529
676 529
677 529
6 530
24 530
131 530
529 530
531 530
551 530
603 530
607 530
648 530
653 530
668 530
673 530
678 530
24 531
523 531
525 531
527 531
529 531
530 531
546 531
551 531
585 531
587 531
589 531
594 531
596 531
603 531
640 531
648 531
649 531
653 531
657 531
674 531
676 531
677 531
681 531
62 532
543 532
547 532
561 532
570 532
576 532
625 532
642 532
682 532
685 532
194 533
529 533
536 533
574 533
593 533
603 533
631 533
640 533
653 533
663 533
674 533
67 534
309 534
521 534
523 534
583 534
585 534
618 534
645 534
661 534
74 535
131 535
555 535
598 535
607 535
645 535
650 535
660 535
678 535
679 535
288 536
303 536
533 536
537 536
570 536
576 536
624 536
641 536
682 536
460 537
468 537
498 537
508 537
520 537
536 537
547 537
553 537
568 537
571 537
584 537
621 537
641 537
642 537
658 537
664 537
682 537
685 537
140 538
171 538
517 538
528 538
544 538
598 538
601 538
633 538
656 538
666 538
675 538
149 539
518 539
544 539
545 539
549 539
560 539
565 539
567 539
581 539
597 539
85 540
162 540
168 540
172 540
185 540
186 540
254 540
287 540
362 540
445 540
457 540
466 540
493 540
514 540
518 540
636 540
643 540
17 541
155 541
156 541
179 541
182 541
188 541
202 541
238 541
323 541
385 541
633 541
668 541
138 542
150 542
172 542
196 542
208 542
209 542
225 542
350 542
543 542
556 542
588 542
639 542
644 542
341 543
447 543
453 543
460 543
463 543
467 543
468 543
511 543
514 543
532 543
542 543
547 543
548 543
556 543
561 543
564 543
566 543
569 543
570 543
571 543
573 543
576 543
600 543
602 543
606 543
607 543
612 543
620 543
622 543
625 543
639 543
642 543
648 543
658 543
678 543
682 543
685 543
518 544
538 544
539 544
549 544
559 544
567 544
573 544
581 544
594 544
3 545
15 545
99 545
518 545
539 545
559 545
567 545
581 545
594 545
240 546
523 546
531 546
551 546
589 546
594 546
596 546
603 546
607 546
655 546
657 546
677 546
678 546
681 546
77 547
191 547
193 547
339 547
460 547
468 547
489 547
498 547
508 547
510 547
511 547
532 547
537 547
543 547
561 547
566 547
568 547
569 547
570 547
571 547
580 547
584 547
606 547
612 547
621 547
625 547
628 547
642 547
659 547
682 547
685 547
152 548
224 548
514 548
543 548
576 548
625 548
637 548
661 548
685 548
58 549
100 549
117 549
279 549
396 549
518 549
539 549
544 549
567 549
581 549
65 550
597 550
609 550
616 550
641 550
646 550
652 550
657 550
667 550
680 550
24 551
522 551
523 551
525 551
527 551
529 551
530 551
531 551
546 551
587 551
594 551
596 551
603 551
642 551
648 551
649 551
650 551
653 551
655 551
670 551
674 551
676 551
454 552
461 552
517 552
518 552
525 552
574 552
590 552
602 552
616 552
629 552
636 552
643 552
657 552
665 552
82 553
537 553
557 553
568 553
570 553
576 553
641 553
642 553
658 553
664 553
671 553
685 553
62 554
150 554
289 554
325 554
365 554
415 554
504 554
605 554
645 554
9 555
55 555
83 555
112 555
519 555
535 555
575 555
578 555
595 555
607 555
615 555
626 555
632 555
660 555
661 555
667 555
672 555
678 555
440 556
542 556
543 556
561 556
569 556
576 556
611 556
612 556
628 556
463 557
553 557
577 557
582 557
621 557
625 557
635 557
641 557
685 557
1 558
128 558
151 558
155 558
176 558
197 558
202 558
449 558
451 558
580 558
641 558
682 558
31 559
140 559
163 559
271 559
288 559
312 559
456 559
515 559
544 559
545 559
581 559
593 559
630 559
89 560
190 560
539 560
562 560
574 560
576 560
627 560
629 560
631 560
635 560
639 560
646 560
652 560
193 561
532 561
543 561
547 561
556 561
566 561
568 561
569 561
572 561
580 561
584 561
612 561
628 561
642 561
643 561
682 561
685 561
46 562
219 562
222 562
246 562
397 562
447 562
514 562
560 562
591 562
11 563
154 563
173 563
337 563
341 563
387 563
454 563
518 563
595 563
609 563
623 563
645 563
543 564
572 564
576 564
580 564
621 564
625 564
642 564
682 564
685 564
149 565
151 565
159 565
174 565
192 565
539 565
572 565
578 565
614 565
327 566
511 566
516 566
543 566
547 566
561 566
570 566
576 566
606 566
612 566
636 566
642 566
682 566
685 566
518 567
521 567
539 567
544 567
545 567
549 567
581 567
590 567
616 567
623 567
657 567
191 568
193 568
498 568
510 568
537 568
547 568
553 568
561 568
570 568
571 568
572 568
576 568
584 568
606 568
611 568
621 568
625 568
628 568
642 568
658 568
664 568
682 568
685 568
50 569
195 569
511 569
543 569
547 569
556 569
561 569
571 569
576 569
580 569
611 569
625 569
642 569
685 569
193 570
514 570
532 570
536 570
543 570
547 570
553 570
566 570
568 570
576 570
584 570
600 570
606 570
630 570
639 570
641 570
642 570
682 570
685 570
247 571
362 571
381 571
460 571
537 571
543 571
547 571
568 571
569 571
606 571
625 571
628 571
642 571
682 571
685 571
191 572
443 572
457 572
462 572
493 572
508 572
561 572
564 572
565 572
568 572
578 572
580 572
614 572
671 572
682 572
514 573
543 573
544 573
574 573
599 573
603 573
607 573
622 573
646 573
648 573
678 573
679 573
89 574
167 574
171 574
192 574
430 574
456 574
517 574
533 574
552 574
560 574
573 574
579 574
588 574
591 574
598 574
600 574
601 574
614 574
616 574
622 574
624 574
629 574
630 574
631 574
637 574
644 574
646 574
652 574
663 574
669 574
675 574
676 574
677 574
681 574
9 575
112 575
240 575
376 575
520 575
521 575
523 575
555 575
590 575
623 575
661 575
77 576
327 576
463 576
467 576
468 576
511 576
514 576
516 576
532 576
536 576
543 576
548 576
553 576
556 576
560 576
564 576
566 576
568 576
569 576
570 576
577 576
580 576
584 576
590 576
606 576
611 576
612 576
621 576
622 576
625 576
628 576
639 576
642 576
658 576
682 576
685 576
463 577
516 577
557 577
576 577
579 577
582 577
631 577
664 577
671 577
516 578
555 578
565 578
572 578
583 578
614 578
615 578
632 578
641 578
192 579
516 579
574 579
577 579
588 579
600 579
622 579
629 579
631 579
651 579
671 579
191 580
320 580
547 580
558 580
561 580
564 580
569 580
572 580
576 580
606 580
611 580
641 580
642 580
682 580
685 580
518 581
539 581
544 581
545 581
549 581
559 581
567 581
592 581
677 581
179 582
182 582
202 582
463 582
466 582
492 582
528 582
557 582
577 582
601 582
617 582
626 582
630 582
631 582
633 582
640 582
647 582
67 583
444 583
517 583
534 583
578 583
589 583
590 583
614 583
618 583
656 583
657 583
663 583
676 583
191 584
498 584
510 584
537 584
547 584
561 584
568 584
570 584
576 584
611 584
621 584
625 584
641 584
642 584
658 584
664 584
682 584
685 584
278 585
394 585
523 585
531 585
534 585
590 585
613 585
618 585
657 585
676 585
31 586
129 586
140 586
162 586
274 586
339 586
396 586
515 586
518 586
521 586
608 586
609 586
613 586
666 586
50 587
107 587
111 587
117 587
522 587
525 587
529 587
531 587
551 587
649 587
650 587
653 587
670 587
674 587
2 588
192 588
542 588
574 588
579 588
600 588
629 588
630 588
631 588
644 588
238 589
527 589
531 589
546 589
583 589
601 589
603 589
621 589
639 589
643 589
644 589
651 589
676 589
77 590
100 590
167 590
171 590
227 590
254 590
268 590
280 590
281 590
310 590
324 590
327 590
333 590
370 590
408 590
422 590
423 590
430 590
444 590
445 590
517 590
523 590
552 590
567 590
575 590
576 590
583 590
585 590
597 590
604 590
610 590
615 590
616 590
632 590
635 590
636 590
662 590
665 590
669 590
676 590
683 590
53 591
54 591
84 591
245 591
287 591
423 591
456 591
514 591
562 591
574 591
622 591
659 591
16 592
493 592
581 592
607 592
610 592
630 592
664 592
677 592
678 592
31 593
73 593
194 593
383 593
391 593
533 593
559 593
598 593
616 593
620 593
106 594
205 594
531 594
544 594
545 594
546 594
551 594
596 594
603 594
677 594
4 595
218 595
264 595
555 595
563 595
623 595
634 595
657 595
667 595
464 596
523 596
525 596
531 596
546 596
551 596
594 596
603 596
649 596
676 596
677 596
681 596
94 597
254 597
264 597
324 597
448 597
463 597
539 597
550 597
590 597
616 597
620 597
652 597
673 597
35 598
140 598
169 598
517 598
535 598
538 598
574 598
593 598
627 598
629 598
644 598
656 598
660 598
675 598
680 598
90 599
142 599
233 599
273 599
333 599
354 599
573 599
612 599
628 599
543 600
570 600
574 600
579 600
588 600
629 600
631 600
662 600
674 600
171 601
517 601
528 601
538 601
574 601
582 601
589 601
626 601
627 601
629 601
631 601
633 601
647 601
673 601
676 601
680 601
16 602
62 602
217 602
543 602
552 602
617 602
630 602
638 602
645 602
24 603
523 603
525 603
527 603
529 603
530 603
531 603
533 603
546 603
551 603
573 603
589 603
594 603
596 603
607 603
624 603
627 603
648 603
653 603
655 603
674 603
676 603
677 603
678 603
679 603
218 604
521 604
523 604
590 604
608 604
645 604
657 604
660 604
661 604
683 604
3 605
9 605
47 605
82 605
127 605
278 605
522 605
554 605
622 605
626 605
637 605
648 605
191 606
193 606
543 606
547 606
566 606
568 606
570 606
571 606
576 606
580 606
612 606
625 606
628 606
642 606
682 606
685 606
341 607
454 607
519 607
530 607
535 607
543 607
546 607
555 607
573 607
592 607
603 607
608 607
620 607
622 607
623 607
626 607
637 607
638 607
650 607
660 607
662 607
672 607
673 607
678 607
681 607
22 608
33 608
37 608
110 608
111 608
113 608
164 608
202 608
586 608
604 608
607 608
662 608
683 608
334 609
343 609
406 609
521 609
550 609
563 609
586 609
652 609
685 609
36 610
77 610
167 610
225 610
590 610
592 610
639 610
662 610
675 610
680 610
556 611
568 611
569 611
576 611
580 611
584 611
641 611
682 611
685 611
543 612
547 612
556 612
561 612
566 612
576 612
599 612
606 612
628 612
685 612
73 613
105 613
173 613
236 613
309 613
394 613
528 613
585 613
586 613
617 613
633 613
638 613
647 613
657 613
666 613
676 613
159 614
174 614
289 614
565 614
572 614
574 614
578 614
583 614
629 614
324 615
422 615
523 615
555 615
578 615
590 615
616 615
632 615
635 615
636 615
651 615
673 615
89 616
194 616
227 616
274 616
324 616
327 616
383 616
408 616
550 616
552 616
567 616
574 616
590 616
593 616
597 616
615 616
629 616
632 616
652 616
657 616
665 616
155 617
188 617
528 617
582 617
602 617
613 617
633 617
638 617
647 617
657 617
67 618
493 618
514 618
534 618
583 618
585 618
638 618
656 618
657 618
6 619
47 619
58 619
86 619
131 619
626 619
637 619
641 619
684 619
341 620
439 620
543 620
593 620
597 620
607 620
623 620
628 620
678 620
62 621
77 621
171 621
178 621
185 621
191 621
193 621
211 621
225 621
327 621
460 621
498 621
508 621
517 621
537 621
547 621
557 621
564 621
568 621
576 621
584 621
589 621
625 621
628 621
637 621
639 621
642 621
665 621
682 621
685 621
116 622
514 622
543 622
573 622
574 622
576 622
579 622
591 622
605 622
607 622
629 622
678 622
106 623
218 623
521 623
563 623
567 623
575 623
595 623
607 623
620 623
634 623
678 623
62 624
98 624
514 624
536 624
574 624
603 624
629 624
635 624
676 624
193 625
225 625
339 625
460 625
463 625
465 625
482 625
489 625
492 625
498 625
532 625
543 625
547 625
548 625
557 625
564 625
568 625
569 625
571 625
576 625
584 625
606 625
621 625
642 625
659 625
685 625
104 626
108 626
131 626
555 626
582 626
601 626
605 626
607 626
619 626
627 626
631 626
637 626
657 626
667 626
668 626
678 626
679 626
121 627
341 627
560 627
598 627
601 627
603 627
626 627
637 627
668 627
679 627
459 628
547 628
556 628
561 628
568 628
571 628
576 628
599 628
606 628
612 628
620 628
621 628
642 628
685 628
89 629
167 629
171 629
192 629
430 629
456 629
517 629
552 629
560 629
574 629
579 629
588 629
598 629
600 629
601 629
614 629
616 629
622 629
624 629
630 629
631 629
637 629
644 629
646 629
652 629
663 629
669 629
676 629
677 629
681 629
492 630
500 630
559 630
570 630
574 630
582 630
588 630
592 630
602 630
629 630
644 630
116 631
153 631
516 631
533 631
560 631
574 631
577 631
579 631
582 631
588 631
600 631
601 631
626 631
629 631
671 631
324 632
422 632
523 632
555 632
578 632
590 632
615 632
616 632
635 632
651 632
673 632
3 633
9 633
10 633
67 633
155 633
180 633
182 633
185 633
188 633
309 633
461 633
519 633
525 633
528 633
538 633
541 633
582 633
601 633
613 633
617 633
638 633
647 633
649 633
656 633
666 633
672 633
673 633
674 633
106 634
521 634
523 634
595 634
623 634
656 634
657 634
661 634
666 634
62 635
557 635
560 635
590 635
615 635
624 635
632 635
636 635
645 635
62 636
488 636
540 636
552 636
566 636
590 636
615 636
635 636
651 636
275 637
401 637
519 637
548 637
574 637
605 637
607 637
619 637
621 637
626 637
627 637
629 637
667 637
672 637
678 637
679 637
519 638
525 638
602 638
607 638
613 638
617 638
618 638
633 638
648 638
649 638
650 638
672 638
673 638
678 638
50 639
165 639
542 639
543 639
560 639
570 639
576 639
589 639
610 639
621 639
662 639
680 639
682 639
685 639
107 640
527 640
529 640
531 640
533 640
582 640
648 640
653 640
674 640
536 641
537 641
550 641
553 641
557 641
558 641
570 641
578 641
580 641
584 641
611 641
619 641
658 641
664 641
680 641
682 641
685 641
453 642
460 642
467 642
489 642
494 642
498 642
504 642
516 642
520 642
527 642
532 642
537 642
543 642
547 642
551 642
553 642
561 642
564 642
566 642
568 642
569 642
570 642
571 642
576 642
580 642
584 642
606 642
621 642
625 642
628 642
648 642
658 642
671 642
682 642
685 642
168 643
192 643
238 643
362 643
466 643
540 643
552 643
561 643
589 643
665 643
675 643
136 644
206 644
287 644
542 644
574 644
588 644
589 644
598 644
629 644
630 644
521 645
523 645
534 645
535 645
554 645
563 645
602 645
604 645
635 645
683 645
248 646
267 646
339 646
527 646
550 646
560 646
573 646
574 646
629 646
663 646
105 647
188 647
525 647
528 647
529 647
582 647
601 647
613 647
617 647
633 647
649 647
650 647
653 647
673 647
674 647
24 648
522 648
527 648
530 648
531 648
543 648
551 648
573 648
603 648
605 648
638 648
640 648
642 648
650 648
670 648
674 648
160 649
182 649
525 649
528 649
529 649
531 649
551 649
587 649
596 649
633 649
638 649
647 649
653 649
655 649
670 649
674 649
67 650
522 650
525 650
528 650
535 650
551 650
587 650
607 650
638 650
647 650
648 650
660 650
670 650
674 650
678 650
182 651
208 651
579 651
589 651
615 651
632 651
636 651
664 651
668 651
45 652
550 652
560 652
574 652
597 652
609 652
616 652
629 652
655 652
8 653
20 653
24 653
52 653
82 653
164 653
176 653
202 653
525 653
527 653
528 653
529 653
530 653
531 653
533 653
551 653
587 653
603 653
640 653
647 653
649 653
655 653
670 653
674 653
676 653
677 653
147 654
254 654
329 654
330 654
339 654
374 654
415 654
526 654
684 654
190 655
525 655
529 655
546 655
551 655
603 655
649 655
652 655
653 655
677 655
67 656
140 656
461 656
517 656
538 656
583 656
598 656
618 656
633 656
634 656
657 656
663 656
666 656
669 656
680 656
4 657
264 657
324 657
394 657
521 657
523 657
531 657
546 657
550 657
552 657
567 657
583 657
585 657
595 657
604 657
613 657
616 657
617 657
618 657
626 657
634 657
656 657
665 657
666 657
673 657
676 657
683 657
25 658
537 658
543 658
553 658
568 658
576 658
584 658
641 658
642 658
664 658
682 658
685 658
85 659
172 659
287 659
339 659
518 659
547 659
591 659
625 659
677 659
522 660
535 660
555 660
598 660
604 660
607 660
650 660
661 660
679 660
683 660
684 660
218 661
338 661
521 661
523 661
534 661
548 661
555 661
575 661
604 661
634 661
660 661
666 661
683 661
2 662
17 662
33 662
37 662
43 662
76 662
111 662
116 662
590 662
600 662
607 662
608 662
610 662
639 662
678 662
680 662
151 663
533 663
574 663
583 663
629 663
646 663
656 663
669 663
675 663
680 663
273 664
537 664
553 664
568 664
577 664
584 664
592 664
641 664
651 664
658 664
671 664
682 664
50 665
190 665
274 665
445 665
525 665
552 665
590 665
616 665
621 665
643 665
657 665
681 665
488 666
521 666
538 666
586 666
613 666
633 666
634 666
656 666
657 666
661 666
291 667
431 667
519 667
550 667
555 667
595 667
626 667
637 667
672 667
682 667
41 668
179 668
182 668
202 668
530 668
541 668
626 668
627 668
651 668
679 668
154 669
194 669
574 669
590 669
629 669
656 669
663 669
675 669
680 669
24 670
522 670
525 670
527 670
529 670
551 670
587 670
648 670
649 670
650 670
653 670
674 670
680 670
55 671
283 671
516 671
553 671
572 671
577 671
579 671
631 671
642 671
664 671
674 671
396 672
519 672
555 672
607 672
633 672
637 672
638 672
667 672
678 672
71 673
194 673
394 673
528 673
530 673
597 673
601 673
607 673
615 673
632 673
633 673
638 673
647 673
657 673
678 673
8 674
522 674
525 674
527 674
528 674
529 674
531 674
533 674
551 674
587 674
600 674
603 674
633 674
640 674
647 674
648 674
649 674
650 674
653 674
670 674
671 674
119 675
140 675
171 675
243 675
517 675
538 675
574 675
598 675
610 675
643 675
663 675
669 675
680 675
324 676
522 676
523 676
529 676
531 676
551 676
574 676
583 676
585 676
589 676
590 676
596 676
601 676
603 676
613 676
624 676
629 676
653 676
657 676
677 676
520 677
523 677
529 677
531 677
546 677
574 677
581 677
592 677
594 677
596 677
603 677
629 677
653 677
655 677
659 677
676 677
454 678
519 678
530 678
535 678
543 678
546 678
555 678
573 678
592 678
603 678
607 678
620 678
622 678
623 678
626 678
637 678
638 678
650 678
662 678
672 678
673 678
681 678
188 679
535 679
573 679
603 679
626 679
627 679
637 679
660 679
668 679
47 680
104 680
171 680
550 680
598 680
601 680
610 680
639 680
641 680
656 680
662 680
663 680
669 680
670 680
675 680
684 680
523 681
531 681
546 681
574 681
596 681
607 681
629 681
665 681
678 681
191 682
193 682
511 682
532 682
536 682
537 682
543 682
547 682
558 682
561 682
564 682
566 682
568 682
570 682
571 682
572 682
576 682
580 682
584 682
606 682
611 682
621 682
639 682
641 682
642 682
658 682
664 682
667 682
685 682
218 683
521 683
523 683
590 683
604 683
608 683
645 683
657 683
660 683
661 683
102 684
280 684
330 684
388 684
526 684
619 684
654 684
660 684
680 684
77 685
178 685
208 685
225 685
327 685
444 685
450 685
453 685
454 685
457 685
459 685
460 685
463 685
465 685
467 685
468 685
478 685
482 685
489 685
492 685
498 685
500 685
508 685
510 685
511 685
516 685
532 685
537 685
543 685
547 685
548 685
553 685
557 685
561 685
564 685
566 685
568 685
569 685
570 685
571 685
576 685
580 685
584 685
606 685
609 685
611 685
612 685
621 685
625 685
628 685
639 685
641 685
642 685
658 685
682 685
