0:0 16 4 23 104 9 93 41 
66:66 59 76 75 44 112 91 92 86 57 48 97 63 58 
3:3 52 72 40 102 74 10 98 107 81 5 84 
69:69 50 28 24 90 11 
6:6 47 32 100 64 2 13 106 15 60 39 
72:72 10 74 102 40 52 3 98 107 81 5 84 
9:9 23 93 104 4 0 41 16 
75:75 57 112 92 86 48 91 66 44 
12:12 14 26 85 38 43 36 18 42 34 99 54 61 31 71 
78:78 108 111 7 8 77 21 51 22 68 
15:15 14 2 47 6 32 106 39 60 13 64 100 
81:81 84 107 5 98 10 52 72 3 40 102 74 
18:18 42 34 99 61 54 31 71 26 38 12 14 85 43 36 
84:84 107 81 5 98 10 52 72 3 40 102 74 
21:21 108 111 77 8 51 78 7 22 68 
87:87 96 56 65 113 17 95 27 62 70 20 76 
24:24 90 11 50 28 69 
90:90 24 11 50 28 69 
27:27 63 65 17 113 96 87 95 56 62 70 20 76 
93:93 9 23 104 4 0 41 16 
30:30 55 19 94 35 79 101 29 
96:96 112 75 57 92 48 86 91 66 44 76 
33:33 19 55 94 30 35 79 101 29 
99:99 14 85 12 26 34 18 38 54 71 61 31 43 42 36 
36:36 43 59 58 63 97 42 
102:102 74 10 72 40 52 3 98 107 81 5 84 
39:39 54 38 18 71 34 99 61 31 26 12 14 85 43 42 36 
105:105 25 37 103 89 33 109 45 1 
42:42 18 34 99 61 54 31 71 26 38 12 14 85 43 36 
108:108 21 111 77 8 51 78 7 22 68 
45:45 109 103 105 89 37 25 33 1 
111:111 77 8 21 51 68 108 78 22 7 
48:48 49 53 46 67 110 83 88 114 73 
114:114 67 46 83 88 73 49 53 110 
51:51 21 108 22 68 111 78 8 7 77 
54:54 39 38 18 71 34 99 61 31 26 12 14 85 43 42 36 
57:57 75 112 92 86 48 91 66 44 
60:60 71 59 36 58 63 97 64 13 106 2 6 32 15 47 100 39 
63:63 59 97 58 36 
