67 49
81 5
103 70
53 49
50 30
106 60
90 11
95 17
102 10
87 24
110 46
78 28
54 39
74 10
58 17
101 35
39 13
53 48
99 71
54 18
72 52
77 8
77 21
38 16
72 3
78 22
59 58
38 26
110 24
74 40
110 53
69 4
81 72
83 49
82 80
36 19
100 64
88 53
104 67
68 15
49 48
73 67
105 37
60 15
73 7
71 34
70 69
111 108
76 59
75 57
41 0
70 20
80 37
106 92
113 70
99 14
47 39
55 30
23 4
93 9
114 110
84 83
111 77
27 17
14 2
109 79
87 65
100 32
102 72
107 102
76 20
104 87
11 5
26 12
36 12
45 44
108 21
74 2
101 79
78 68
64 60
17 16
84 5
112 52
47 32
35 30
68 22
53 46
21 20
9 4
71 60
110 67
72 2
21 7
105 45
100 13
99 34
95 37
55 19
76 27
109 1
75 20
16 0
110 80
83 46
93 82
88 73
106 15
102 40
57 1
13 12
85 38
38 28
69 50
95 87
92 15
93 91
108 77
91 29
112 92
23 22
86 44
71 38
86 75
45 25
28 24
100 99
41 23
111 51
49 46
102 3
78 51
85 43
83 73
91 86
36 20
112 97
72 10
107 81
105 80
62 17
102 52
95 56
92 61
101 19
59 36
111 23
95 27
62 61
106 39
88 83
111 7
86 57
112 96
98 5
92 57
83 53
64 63
65 63
63 27
105 103
113 28
95 69
8 7
101 29
1 0
86 80
94 35
95 62
55 6
111 68
73 46
58 3
114 15
110 49
90 23
107 72
42 29
79 43
65 0
64 2
104 0
17 12
98 84
109 25
13 2
62 56
79 29
61 34
73 49
104 93
95 76
16 9
114 53
106 13
114 83
99 18
62 45
33 1
111 46
22 7
57 48
54 34
52 40
79 19
51 50
104 4
64 47
93 23
63 59
94 29
87 56
53 25
67 41
111 21
68 8
103 45
14 12
57 42
112 75
70 56
99 85
79 30
106 32
52 3
85 80
5 3
94 19
111 78
96 76
104 16
91 48
88 58
39 38
91 69
22 9
113 95
30 19
39 6
107 5
37 36
111 64
82 39
83 69
104 23
89 45
76 56
11 10
15 13
104 9
98 81
51 40
60 2
112 63
60 39
51 8
93 16
114 46
28 11
25 24
105 89
114 67
76 66
47 15
6 2
21 8
96 56
77 73
109 105
104 11
103 89
23 9
43 31
37 25
11 3
73 53
108 22
105 62
9 0
69 24
80 29
88 67
40 7
38 12
99 61
60 10
78 8
61 18
32 6
35 29
71 18
50 24
66 65
67 53
64 9
103 33
50 11
104 41
100 82
94 30
93 0
86 53
98 48
82 7
102 100
27 26
101 30
108 7
19 18
42 18
43 42
98 10
34 18
82 74
65 27
32 13
71 31
112 57
32 31
62 27
106 25
109 33
91 57
45 37
92 91
97 5
43 36
7 6
90 5
76 70
55 35
32 15
107 98
41 40
23 16
90 0
61 31
82 29
66 24
54 14
75 48
97 63
105 25
51 21
30 29
75 44
97 59
99 89
93 4
85 12
90 69
66 59
41 9
93 80
79 35
94 55
81 3
110 88
107 75
49 32
112 66
101 58
24 11
92 86
111 8
109 45
25 1
108 78
68 21
114 104
105 1
41 8
69 11
90 8
113 87
3 2
52 5
100 2
107 10
63 58
102 98
46 21
86 48
54 38
18 12
94 82
23 0
78 23
61 54
37 33
103 102
67 46
34 12
38 18
109 103
4 0
99 31
113 65
113 17
108 9
98 77
108 51
57 56
63 42
101 1
68 51
114 73
48 44
60 59
100 15
47 6
33 0
106 6
69 28
5 4
84 81
27 1
56 27
50 28
15 14
60 47
26 14
61 26
103 25
89 33
87 86
90 24
68 67
64 13
28 4
72 71
102 74
101 94
96 87
53 52
91 66
96 20
107 84
97 11
32 21
78 7
98 52
94 34
113 96
78 50
40 3
106 2
41 4
79 31
109 89
44 30
88 49
65 17
44 35
31 18
43 14
9 8
42 26
91 80
112 91
94 79
72 40
101 51
81 16
60 13
100 39
85 14
103 37
64 6
36 18
34 31
108 4
112 44
98 40
82 81
88 69
100 47
90 50
35 34
89 25
45 33
113 20
70 65
89 1
33 19
86 66
76 75
91 44
85 31
89 37
66 44
