20 17
22 8
43 26
45 1
47 46
55 29
57 44
58 6
60 6
65 56
74 5
77 22
77 51
82 77
85 6
92 35
94 80
96 48
103 1
108 68
109 37
110 73
114 58
53 48
33 1
47 22
91 44
74 52
13 2
93 91
94 29
96 65
103 37
50 11
95 17
111 7
9 4
70 43
89 37
72 3
109 1
109 105
38 16
63 27
76 75
47 2
38 18
21 8
26 14
5 4
53 52
91 69
14 2
93 23
82 81
103 102
87 20
55 30
87 65
112 96
68 8
38 12
90 8
109 45
98 81
88 69
81 5
8 7
95 69
93 9
64 2
89 88
62 20
105 103
90 50
82 29
51 21
74 2
85 31
100 32
76 59
71 60
60 15
104 11
110 13
70 69
56 27
109 89
104 0
43 14
49 32
99 14
69 28
95 76
104 23
107 5
55 6
47 6
74 10
84 81
88 83
24 11
41 8
81 10
101 79
14 12
88 49
110 67
98 5
54 39
65 0
74 72
78 28
103 89
89 1
100 99
90 24
72 2
78 23
87 62
100 64
97 59
38 26
60 13
61 26
43 38
37 25
93 16
113 70
23 16
16 0
69 50
42 18
35 0
51 40
79 30
39 15
101 29
111 77
105 89
93 41
37 1
90 28
92 91
103 33
34 26
94 19
77 21
28 24
91 86
51 22
30 29
107 40
70 56
7 6
91 66
87 56
13 12
57 48
81 3
15 2
64 6
65 17
28 4
106 15
88 67
113 95
39 38
111 68
70 27
90 11
35 34
71 54
94 79
66 48
51 50
79 29
105 33
68 22
26 12
68 15
99 54
64 60
101 19
32 15
67 49
82 39
66 59
113 96
68 50
59 36
57 56
17 16
57 1
49 48
111 64
54 31
62 27
47 15
86 57
73 7
94 35
110 49
104 4
16 4
89 33
77 8
106 32
67 46
107 81
108 21
105 45
55 19
37 33
53 46
80 29
99 18
94 82
78 22
79 35
42 29
40 3
85 14
91 80
15 14
52 5
85 80
111 78
101 1
94 55
65 20
110 53
107 84
40 7
66 44
77 73
78 8
109 103
61 47
99 71
65 27
63 59
43 36
106 60
82 80
6 2
99 89
98 40
27 17
76 70
92 61
71 61
84 49
108 7
108 78
104 9
39 32
103 45
53 25
105 62
113 17
73 46
100 82
54 38
61 43
105 25
52 3
88 58
99 34
107 102
107 98
97 11
62 61
41 16
75 57
104 67
104 93
102 98
61 18
102 72
98 52
9 8
89 45
72 10
106 39
95 87
85 12
100 13
112 52
83 49
96 87
34 12
34 18
21 20
22 21
47 39
27 26
70 20
11 5
111 8
87 24
44 30
101 58
62 45
107 88
4 0
80 79
84 5
68 67
45 33
85 26
105 37
114 88
45 25
114 67
110 83
88 46
106 13
95 70
92 66
86 48
83 46
78 7
33 0
92 75
35 29
11 3
72 52
23 4
113 59
92 48
72 40
83 69
102 74
93 80
84 3
93 82
90 0
23 9
32 6
87 17
64 9
83 67
60 59
113 76
75 20
111 108
81 16
109 63
64 32
102 40
83 73
91 29
79 43
15 13
97 58
112 75
102 100
36 12
110 88
67 16
82 74
38 28
10 5
95 56
33 19
95 62
75 48
