1:1 22 8 14 4 18 32 9 2 3 13 12 31 20 29 
2:2 4 18 20 22 31 1 8 3 14 13 9 12 
3:3 8 14 28 29 4 2 1 13 22 18 20 12 
4:4 2 8 1 3 22 18 14 20 13 12 
5:5 7 11 6 17 
6:6 11 7 5 17 
7:7 5 6 11 17 
8:8 3 4 2 14 1 28 22 18 20 13 12 
9:9 31 
10:10 34 27 23 16 19 21 29 32 30 33 15 24 26 25 28 
11:11 6 5 7 17 
12:12 1 22 8 14 4 18 32 9 2 3 31 20 13 29 
13:13 4 2 8 1 22 3 18 14 20 12 
14:14 3 1 8 4 22 2 9 18 28 29 31 20 13 12 
15:15 33 30 24 16 19 21 34 26 27 23 10 32 25 28 29 
16:16 33 30 24 19 21 9 34 27 23 31 10 15 
17:17 7 6 5 11 
18:18 2 20 22 4 31 1 8 3 14 13 9 12 
19:19 33 30 24 16 21 9 34 27 23 31 10 15 
20:20 2 1 22 4 8 18 14 3 13 12 
21:21 33 30 24 16 19 9 34 27 23 31 10 15 
22:22 2 18 20 4 31 1 8 3 14 13 9 12 
23:23 34 10 27 16 19 21 29 32 30 33 15 24 26 25 28 
24:24 26 30 33 16 19 21 25 15 34 32 27 23 10 28 29 
25:25 26 32 
26:26 25 24 28 
27:27 34 10 30 23 16 19 21 29 32 33 15 24 26 25 28 
28:28 25 26 24 
29:29 3 32 8 14 28 1 34 4 2 10 27 9 22 13 23 16 31 18 20 33 12 30 19 21 24 15 26 25 
30:30 24 33 16 19 21 26 34 25 27 32 23 10 15 28 29 
31:31 9 
32:32 25 26 
33:33 30 24 16 19 21 34 26 27 23 10 32 15 25 28 29 
34:34 10 27 23 16 19 21 29 32 30 33 15 24 26 25 28 
