1:1 7 3 6 8 9 4 10 5 2 13 15 14 12 
2:2 5 7 4 8 6 9 1 10 3 13 15 14 12 
3:3 7 1 6 8 9 4 10 5 2 13 15 14 12 
4:4 9 5 8 6 1 10 7 2 3 13 15 14 12 
5:5 2 7 4 8 6 9 1 10 3 13 15 14 12 
6:6 1 9 8 4 7 3 10 5 2 13 15 14 12 
7:7 3 1 6 8 9 4 10 5 2 13 15 14 12 
8:8 6 9 1 4 7 3 10 5 2 13 15 14 12 
9:9 5 10 1 6 4 8 7 2 3 13 15 14 12 
10:10 5 9 1 6 4 8 7 2 3 13 15 14 12 
11:11 14 13 15 12 17 16 
12:12 14 15 13 17 11 16 
13:13 14 15 12 17 11 16 
14:14 13 15 12 17 11 16 
15:15 13 14 12 17 11 16 
16:16 11 14 12 17 15 13 
17:17 11 14 12 15 13 16 
18:18 19 29 20 24 23 25 27 30 26 22 21 28 39 36 16 33 31 35 37 34 38 32 40 
19:19 18 29 20 24 23 25 27 30 26 22 21 28 39 36 16 33 31 35 37 34 38 32 40 
20:20 18 29 19 24 23 25 27 30 26 22 21 28 39 36 16 33 31 35 37 34 38 32 40 
21:21 27 28 30 26 20 25 29 23 24 19 18 22 39 36 16 33 31 35 37 34 38 32 40 
22:22 26 30 21 27 25 23 36 39 29 20 28 18 19 24 16 33 31 35 37 34 38 32 40 
23:23 25 24 19 29 27 26 30 20 18 22 21 28 39 36 16 33 31 35 37 34 38 32 40 
24:24 25 23 19 29 27 26 30 20 18 22 21 28 39 36 16 33 31 35 37 34 38 32 40 
25:25 23 24 19 29 27 26 30 20 18 22 21 28 39 36 16 33 31 35 37 34 38 32 40 
26:26 22 30 21 27 25 23 36 39 29 20 28 18 19 24 16 33 31 35 37 34 38 32 40 
27:27 21 28 30 20 26 25 29 23 24 19 18 22 39 36 16 33 31 35 37 34 38 32 40 
28:28 21 27 30 20 26 25 29 23 24 19 18 22 39 36 16 33 31 35 37 34 38 32 40 
29:29 19 18 24 23 25 20 27 30 26 22 21 28 39 36 16 33 31 35 37 34 38 32 40 
30:30 21 27 28 26 20 25 29 23 24 19 18 22 39 36 16 33 31 35 37 34 38 32 40 
31:31 35 37 33 36 34 25 23 39 38 32 40 24 21 28 26 30 27 22 29 20 18 19 16 
32:32 40 38 34 37 31 33 25 24 35 36 23 39 21 28 26 30 27 22 29 20 18 19 16 
33:33 31 37 35 36 34 25 23 39 38 32 40 24 21 28 26 30 27 22 29 20 18 19 16 
34:34 40 32 38 37 31 33 35 36 25 24 23 39 21 28 26 30 27 22 29 20 18 19 16 
35:35 31 37 33 36 34 25 23 39 38 32 40 24 21 28 26 30 27 22 29 20 18 19 16 
36:36 35 37 31 33 34 25 23 39 38 32 40 24 21 28 26 30 27 22 29 20 18 19 16 
37:37 38 40 32 34 31 33 35 36 25 24 23 39 21 28 26 30 27 22 29 20 18 19 16 
38:38 40 32 34 37 31 33 35 36 25 24 23 39 21 28 26 30 27 22 29 20 18 19 16 
39:39 38 22 33 37 31 23 25 36 35 21 30 26 34 32 40 24 27 28 29 20 18 19 16 
40:40 38 32 34 37 31 33 35 36 25 24 23 39 21 28 26 30 27 22 29 20 18 19 16 
41:41 43 50 46 44 42 47 45 48 
42:42 49 48 50 46 45 43 44 47 11 41 14 
43:43 50 46 41 44 42 47 45 48 49 
44:44 42 47 46 50 43 45 41 48 
45:45 44 47 42 46 50 43 41 48 49 
46:46 50 43 41 44 42 47 45 48 
47:47 44 42 46 50 43 45 41 48 
48:48 49 42 50 46 45 43 44 47 11 41 14 
49:49 48 42 50 46 45 43 44 47 11 41 14 
50:50 43 46 41 44 42 47 45 48 
