10 8
10 10
10 9
11 11
12 8
12 9
12 12
13 9
9 6
9 8
9 9
10 1
10 3
10 5
4 4
5 2
5 4
6 1
6 2
6 3
7 1
7 3
7 6
45 45
46 42
46 43
46 46
47 42
47 44
47 45
48 45
48 47
48 48
49 42
49 45
49 48
50 43
50 44
50 45
50 46
7 7
8 1
8 3
8 4
8 5
8 6
15 14
16 10
16 11
16 12
17 8
17 10
17 11
17 12
17 14
17 15
17 17
13 10
14 8
14 11
14 12
14 13
15 8
15 9
15 10
15 12
15 13
3 1
26 22
26 24
26 25
26 26
27 16
27 17
27 19
27 20
27 21
27 23
27 25
27 26
28 18
30 22
30 25
30 26
30 27
30 30
41 41
42 41
42 42
43 41
43 43
44 42
44 44
45 41
45 43
45 44
50 47
50 49
2 22
3 28
10 50
11 30
17 16
11 45
28 48
28 41
23 19
23 22
24 16
24 18
24 19
24 24
25 20
25 21
25 23
25 24
26 17
26 19
26 20
3 3
4 2
18 17
19 16
19 18
20 18
20 20
21 16
21 21
22 16
22 18
22 21
28 20
28 21
28 27
29 17
29 18
29 19
29 20
29 22
29 23
29 27
30 17
30 18
30 20
30 21
8 7
8 8
9 1
9 4
9 5
