1:1 12 13 18 20 5 11 6 7 17 22 2 4 8 14 3 10 
2:2 22 18 20 8 1 4 14 13 3 12 10 9 31 
3:3 10 29 8 28 9 4 34 25 2 14 31 32 20 1 24 22 18 21 33 26 13 12 30 23 16 27 15 19 
4:4 8 14 13 2 3 1 22 18 20 12 9 10 31 
5:5 11 7 6 17 
6:6 11 17 7 5 
7:7 17 5 6 11 
8:8 4 2 14 3 22 18 1 10 20 13 12 9 31 
9:9 31 3 33 15 16 10 21 23 29 34 19 32 28 30 24 27 25 26 
10:10 3 29 8 28 9 4 34 25 2 14 31 32 20 1 24 22 18 21 33 26 13 12 30 23 16 27 15 19 
11:11 5 6 7 17 
12:12 1 13 18 20 5 11 6 7 17 22 2 4 8 14 3 10 
13:13 4 8 14 1 2 3 12 18 20 22 9 10 31 
14:14 4 2 3 8 22 18 10 1 20 13 12 9 31 
15:15 33 16 21 23 30 19 24 34 27 31 28 9 10 
16:16 33 15 21 23 30 19 24 34 27 31 28 9 10 
17:17 7 6 5 11 
18:18 2 22 20 8 1 4 14 13 3 12 10 9 31 
19:19 33 16 15 21 23 30 24 34 27 31 28 9 10 
20:20 2 1 18 22 8 14 4 12 13 3 10 9 31 
21:21 33 16 15 23 30 19 24 34 27 31 28 9 10 
22:22 2 18 20 8 1 4 14 13 3 12 10 9 31 
23:23 33 16 15 21 30 19 24 34 27 31 28 9 10 
24:24 28 30 26 25 27 32 29 34 21 23 10 33 16 15 19 31 9 3 
25:25 26 28 24 32 29 
26:26 25 32 29 
27:27 30 24 28 25 34 26 21 23 10 32 19 33 29 16 15 31 9 3 
28:28 25 24 26 32 29 
29:29 32 26 25 
30:30 27 24 28 25 34 26 21 23 10 32 19 33 29 16 15 31 9 3 
31:31 9 33 34 21 23 15 16 30 24 19 27 28 10 
32:32 26 29 25 
33:33 16 15 21 23 30 24 34 27 19 31 28 9 10 
34:34 10 21 23 31 28 30 9 24 33 27 3 19 16 15 29 32 25 26 
