9 5
17 9
20 18
22 17
26 25
27 1
27 25
29 10
30 19
37 8
37 16
38 33
40 0
40 37
42 0
43 29
50 14
50 16
50 33
50 42
51 23
51 45
54 6
54 19
56 6
57 39
59 45
42 30
37 14
17 6
55 51
44 38
13 6
47 0
46 43
28 1
20 16
32 13
37 36
24 18
41 1
19 7
35 29
54 41
26 1
28 8
61 2
37 34
36 20
47 28
30 28
37 21
13 5
36 1
27 17
33 14
14 3
45 8
19 1
59 15
47 10
52 29
27 26
9 6
33 21
44 20
37 33
52 14
45 15
27 7
13 9
47 30
25 17
42 10
45 37
42 2
52 40
51 11
33 12
43 37
60 32
53 43
38 20
57 17
57 48
45 18
21 18
57 13
44 34
51 21
16 14
32 9
41 9
17 1
49 34
58 38
