0:0 47 10 42 2 30 61 53 
1:1 26 28 36 19 27 30 25 39 7 47 54 42 41 0 10 40 2 57 48 17 6 13 22 9 5 32 56 60 31 
2:2 61 10 42 53 47 0 30 
3:3 59 8 45 15 23 24 18 55 51 21 29 11 35 4 
4:4 51 11 55 23 
5:5 9 57 13 41 48 6 54 32 17 56 22 60 31 39 
6:6 56 54 17 13 57 22 25 9 41 5 32 48 60 31 39 27 26 1 
7:7 19 30 54 
8:8 3 28 20 47 59 36 30 42 1 39 19 0 10 2 7 44 40 54 15 41 55 57 48 61 53 
9:9 32 5 13 41 57 60 54 6 48 56 17 22 31 39 
10:10 2 42 47 61 0 30 53 
11:11 51 4 55 23 
12:12 33 34 16 50 38 14 20 44 37 43 52 58 40 8 3 36 28 59 49 39 46 53 61 2 
13:13 32 6 9 54 57 41 5 56 17 48 22 60 31 39 
14:14 3 52 34 16 24 50 33 37 38 40 49 20 43 44 8 36 58 46 59 12 45 15 39 18 23 21 0 29 51 55 11 35 4 
15:15 59 55 24 45 3 18 51 8 23 11 21 29 35 4 
16:16 33 20 37 50 34 38 14 8 36 21 43 44 40 3 52 58 12 59 49 39 46 45 23 15 29 18 24 35 0 51 55 11 4 
17:17 22 25 6 13 27 26 9 56 57 5 32 41 54 1 48 60 31 39 
18:18 21 24 29 51 45 11 35 4 23 15 55 59 
19:19 7 30 54 
20:20 44 28 16 8 47 38 30 50 42 33 58 2 12 0 34 10 14 37 43 3 40 52 36 61 7 53 19 59 49 39 46 1 
21:21 18 29 51 24 45 35 23 15 11 55 59 4 
22:22 17 25 31 27 26 
23:23 45 51 18 11 24 21 4 55 29 15 35 59 
24:24 15 18 51 45 55 11 29 21 23 59 35 4 
25:25 26 27 
26:26 25 27 
27:27 25 26 
28:28 1 20 30 47 19 36 8 26 44 7 27 54 42 39 3 25 59 2 41 10 0 40 61 53 15 55 
29:29 10 35 21 43 18 51 24 45 23 15 11 4 55 59 46 49 53 61 2 
30:30 19 7 54 
31:31 17 22 25 6 13 9 27 56 57 5 32 26 41 54 48 60 1 39 
32:32 60 
33:33 34 16 12 50 38 14 20 44 37 43 52 58 40 8 3 36 28 59 49 39 46 53 61 2 
34:34 49 44 46 
35:35 29 10 21 43 52 18 38 46 53 2 61 44 58 42 51 24 11 4 20 49 47 50 45 23 0 15 14 30 16 33 55 28 34 37 40 8 3 36 59 12 39 
36:36 59 39 1 3 26 28 8 27 25 20 47 17 22 30 19 31 7 54 41 6 57 13 56 9 5 32 48 60 
37:37 34 16 21 8 36 43 33 14 20 45 40 29 59 3 39 46 50 18 38 52 49 15 23 24 44 51 58 35 55 11 4 12 
38:38 58 44 52 20 16 50 14 33 34 43 37 12 40 49 46 36 39 8 3 28 59 
39:39 36 59 1 3 26 28 8 27 25 20 47 17 22 30 19 31 7 54 41 6 57 13 56 9 5 32 48 60 
40:40 52 7 36 0 14 19 39 15 37 59 3 34 30 16 45 24 33 8 50 38 43 21 23 20 29 18 51 58 42 12 47 44 10 55 28 2 11 35 61 4 53 49 46 
41:41 54 57 9 13 6 5 48 32 56 17 22 60 31 39 
42:42 2 10 47 61 0 30 53 
43:43 46 53 61 49 2 
44:44 38 2 58 61 20 52 53 16 50 43 14 33 34 37 12 40 36 49 46 39 8 3 59 28 
45:45 23 59 8 15 18 24 3 51 21 29 55 11 35 4 
46:46 49 
47:47 0 30 42 10 28 2 61 53 
48:48 57 5 39 41 9 54 13 6 32 56 17 22 60 31 
49:49 46 
50:50 42 33 20 16 38 47 14 12 44 2 28 34 10 30 0 52 40 58 43 37 7 49 46 19 8 3 61 53 36 59 39 1 
51:51 11 4 24 55 18 15 29 21 45 35 23 59 
52:52 38 40 14 58 44 33 7 34 43 16 50 12 37 20 49 46 36 39 8 3 28 59 53 61 2 
53:53 61 2 
54:54 41 7 6 13 57 9 19 56 17 5 32 22 48 60 31 39 
55:55 15 59 24 45 3 18 51 8 23 11 21 29 35 4 
56:56 6 54 13 57 41 9 5 17 32 22 48 60 31 39 
57:57 5 41 48 6 39 9 54 13 32 56 17 22 60 31 
58:58 38 44 52 20 16 50 14 33 34 43 37 12 40 49 46 36 39 8 3 28 59 
59:59 3 15 36 8 39 55 40 45 37 0 23 14 21 24 52 33 34 18 16 51 50 43 29 20 38 11 4 44 58 35 12 49 46 
60:60 32 
61:61 53 2 
