40 15
26 1
47 42
50 33
51 18
57 48
45 8
47 0
19 1
51 45
33 12
57 5
45 37
27 7
51 21
24 15
13 6
37 16
52 14
51 24
10 2
33 16
47 30
38 20
37 34
37 8
33 21
42 2
40 37
20 16
13 5
40 0
49 46
50 42
31 17
51 50
59 36
61 53
29 10
28 20
47 20
44 20
43 38
29 18
57 41
50 45
25 17
54 6
45 18
46 43
15 0
58 38
30 7
28 8
37 14
55 15
52 40
37 21
16 14
45 21
50 20
30 28
19 7
36 1
24 18
45 15
14 0
49 34
44 38
59 3
28 1
53 43
24 14
40 14
43 37
42 30
50 14
17 13
59 15
10 0
17 6
40 33
54 1
59 45
30 19
9 5
52 29
27 25
17 9
27 26
54 7
29 21
52 38
20 8
14 3
44 2
