1 2 3 4 5 6 7 24 43 
1 2 3 7 8 10 16 61 
1 2 4 6 9 10 
1 3 6 7 9 57 
1 5 6 8 9 77 
1 3 4 5 6 8 9 10 96 
1 2 4 7 85 
2 5 6 8 10 
3 4 5 6 9 10 
2 3 6 8 9 10 33 
12 14 16 17 
11 18 
13 19 20 44 91 
11 14 15 19 20 
14 15 18 19 20 54 
2 11 19 20 36 89 
11 19 20 68 79 
12 15 18 20 23 
13 14 15 16 17 19 20 
13 14 15 16 17 18 19 20 
24 25 26 28 29 58 
22 24 25 26 27 30 68 
18 23 27 97 
1 21 22 27 29 30 
21 22 27 29 30 42 
21 22 27 28 35 
22 23 24 25 26 27 29 30 78 
21 26 28 30 
21 24 25 27 88 
22 24 25 27 28 30 
32 35 36 40 
31 33 34 37 38 39 
10 32 33 34 35 36 37 64 
32 33 38 40 57 
26 31 33 35 36 38 39 
16 31 33 35 36 37 39 40 50 
32 33 36 39 
32 34 35 85 
32 35 36 37 40 72 97 
31 34 36 39 40 
41 43 45 46 47 48 49 51 
25 42 43 45 46 48 50 
1 41 42 48 50 
13 44 47 48 49 
41 42 45 46 
41 42 45 46 47 49 50 66 79 
41 44 46 49 50 90 
41 42 43 44 
41 44 46 47 50 97 
36 42 43 46 47 49 
41 51 55 56 58 59 
52 55 59 76 
53 56 62 83 
15 54 55 58 
51 52 54 55 56 57 58 59 
51 53 55 56 58 
4 34 55 57 58 60 
21 51 54 55 56 57 58 60 92 
51 52 55 59 
57 58 
2 61 64 67 69 
53 62 65 68 69 
63 65 67 79 88 
33 61 64 65 67 68 69 94 
62 63 64 65 68 69 70 
46 69 70 
61 63 64 67 69 70 
17 22 62 64 65 70 
61 62 64 65 66 67 69 
65 66 67 68 
71 72 73 75 76 77 78 79 80 
39 71 76 78 79 87 98 
71 75 76 79 80 
75 76 77 78 79 80 
71 73 74 76 79 80 
52 71 72 73 74 75 78 79 80 
5 71 74 77 80 
27 71 72 74 76 78 80 
17 46 63 71 72 73 74 75 76 
71 73 74 75 76 77 78 80 
82 83 84 90 
81 84 89 90 
53 81 84 86 88 89 90 
81 82 83 88 90 
7 38 85 87 89 90 
83 88 89 
72 85 88 89 
29 63 83 84 86 87 88 89 90 
16 82 83 85 86 87 88 96 
47 81 82 83 84 85 88 90 
13 91 92 97 99 100 
58 91 92 94 95 98 100 
93 94 95 97 
64 92 93 94 97 98 99 100 
92 93 97 98 99 
6 89 96 98 
23 39 49 91 93 94 95 99 
72 92 94 95 96 98 100 
91 94 95 97 100 
91 92 94 98 99 100 
