3 4 5 9 
3 4 7 10 62 
1 2 3 6 7 8 10 30 43 51 87 95 
1 2 5 6 7 9 10 
1 4 6 7 8 34 72 
3 4 5 8 10 
2 3 4 5 7 9 19 
3 5 6 10 
1 4 7 10 
2 3 4 6 8 9 
11 12 13 15 19 20 80 
11 12 14 15 18 41 
11 13 14 17 18 19 20 
12 13 14 17 19 20 34 58 68 
11 12 17 18 19 20 88 100 
16 17 18 19 
13 14 15 16 17 18 19 20 
12 13 15 16 17 18 19 20 
7 11 13 14 15 16 17 18 19 20 30 
11 13 14 15 17 18 19 
21 25 26 29 30 68 
22 25 26 29 30 
24 25 26 28 29 73 
23 25 26 29 
21 22 23 24 25 27 28 
21 22 23 24 98 
25 28 29 
23 25 27 30 86 
21 22 23 24 27 29 30 49 60 
3 19 21 22 28 29 40 
31 32 36 38 39 40 
31 32 34 35 37 38 
36 
5 14 32 35 36 37 38 40 
32 34 37 39 40 59 
31 33 34 36 39 64 
32 34 35 39 
31 32 34 38 49 96 
31 35 36 37 40 83 
30 31 34 35 39 40 80 
12 41 42 43 44 47 48 50 
41 42 44 46 48 50 93 
3 41 46 47 48 49 62 
41 42 47 48 49 
46 48 49 50 
42 43 45 47 48 50 
41 43 44 46 47 50 
41 42 43 44 45 46 48 49 76 85 
29 38 43 44 45 48 59 
41 42 45 46 47 50 
3 52 53 54 55 57 59 
51 52 54 57 60 76 
51 54 55 57 58 60 
51 52 53 54 59 
51 53 58 59 60 
58 92 
51 52 53 61 87 
14 53 55 56 58 60 
35 49 51 54 55 59 60 
29 52 53 55 58 59 60 
57 61 64 65 66 67 
2 43 63 64 65 70 
62 63 66 68 
36 61 62 64 65 66 67 70 
61 62 64 68 69 
61 63 64 66 67 68 69 70 
61 64 66 67 69 74 95 
14 21 63 65 66 68 69 70 
65 66 67 68 69 70 85 
62 64 66 68 69 
73 76 79 80 
5 76 79 80 
23 71 73 75 77 
67 74 75 76 77 78 
73 74 75 77 78 
48 52 71 72 74 76 77 79 80 
73 74 75 76 77 78 79 94 
74 75 77 78 84 
71 72 76 77 80 
11 40 71 72 76 79 
83 84 89 
82 83 84 85 87 88 90 
39 81 82 83 85 86 89 90 
78 81 82 84 85 86 
48 69 82 83 84 85 86 89 91 
28 83 84 85 86 
3 57 82 87 88 
15 82 87 90 
81 83 85 89 90 
82 83 88 89 
85 91 92 97 99 100 
56 91 92 93 94 96 98 100 
42 92 93 94 95 96 97 98 
77 92 93 96 97 
3 67 93 100 
38 92 93 94 97 
91 93 94 96 97 98 100 
26 92 93 97 99 
91 98 
15 91 92 95 97 100 
