98 77
29 19
78 68
76 70
75 20
95 56
57 44
100 82
49 32
110 80
108 7
50 30
108 4
74 5
70 69
114 67
107 84
58 6
53 49
87 65
81 5
26 14
16 0
94 80
75 48
66 65
60 2
36 18
65 63
95 69
46 21
15 13
45 44
51 8
16 9
94 29
87 86
104 9
89 45
92 15
57 56
95 87
114 104
77 21
30 19
106 32
85 14
79 31
105 103
43 38
14 2
43 12
41 40
111 7
86 80
5 3
86 53
5 4
101 30
60 6
91 57
107 81
88 49
58 3
9 0
64 9
100 39
113 59
24 11
27 1
105 89
114 53
100 6
44 35
13 2
23 22
34 26
103 89
41 9
103 45
100 2
104 4
66 48
35 29
55 30
38 12
83 81
73 7
74 3
81 16
87 56
113 95
106 15
109 105
84 81
64 2
59 36
111 64
78 7
47 46
112 66
97 58
44 19
78 77
112 97
101 79
94 82
91 29
68 50
92 91
32 15
88 58
94 19
71 14
98 48
89 25
102 52
23 9
68 21
64 6
101 35
72 52
111 23
81 72
61 47
40 3
87 62
62 20
108 77
97 59
114 88
70 62
80 79
32 21
38 18
69 50
80 29
36 12
74 72
101 55
55 19
82 30
107 40
103 25
66 44
101 94
112 75
52 40
100 32
92 75
83 53
27 26
41 4
75 66
65 56
98 81
36 19
71 18
104 72
10 5
102 3
104 23
98 40
61 54
17 12
99 85
106 39
112 52
85 43
99 18
76 27
96 76
81 10
67 49
38 26
111 68
62 17
53 46
84 49
105 33
33 19
90 5
108 78
11 5
104 0
92 61
89 33
77 73
104 41
55 54
60 47
99 31
113 28
60 59
97 86
76 62
54 31
55 35
15 14
78 50
15 2
70 20
93 23
113 17
71 54
68 22
78 8
98 5
60 15
78 51
90 69
78 22
110 53
106 60
79 43
23 16
110 46
61 34
31 18
81 3
50 11
82 39
108 68
91 44
54 39
22 7
96 56
113 20
99 89
97 11
102 100
51 22
65 17
108 51
93 82
110 49
28 11
109 103
51 50
92 66
88 46
72 2
96 20
74 73
55 31
21 20
70 65
38 14
106 2
36 20
64 60
100 15
89 1
70 43
75 44
113 87
49 46
105 45
94 55
76 56
114 110
86 48
101 1
105 1
111 78
79 30
28 4
107 72
114 15
70 27
93 41
75 57
63 59
71 38
114 73
71 31
90 28
96 87
23 0
89 37
100 64
74 2
101 58
11 10
61 43
79 35
61 18
90 0
106 13
90 8
95 76
112 44
105 62
90 24
30 29
113 65
42 29
99 71
41 8
32 6
20 17
95 27
109 1
58 17
82 80
19 18
61 31
104 87
28 24
59 58
91 86
110 67
45 1
51 21
91 66
3 2
57 1
96 27
102 10
42 26
54 18
109 63
100 47
63 27
106 6
106 25
104 11
101 29
111 46
98 97
110 88
73 46
111 51
89 55
113 76
68 67
13 12
68 51
76 59
91 69
85 80
112 63
69 11
109 25
71 61
41 16
72 3
22 9
37 33
111 77
85 12
93 16
55 29
99 54
109 89
76 20
8 7
99 14
39 6
25 1
43 42
26 12
48 44
108 21
63 58
37 1
104 67
97 5
92 48
105 37
64 13
100 13
88 67
107 102
105 80
84 10
106 64
82 77
94 34
54 34
64 32
92 35
62 61
86 57
71 34
77 7
114 46
22 8
112 92
45 13
68 7
55 6
51 40
103 70
74 10
74 40
76 66
77 22
27 17
72 71
90 11
98 10
101 19
47 6
88 73
107 88
110 24
67 16
39 38
41 0
108 22
50 28
111 21
53 52
103 33
110 13
18 12
95 70
87 24
112 96
33 0
89 88
11 3
105 25
35 34
47 39
72 10
77 8
45 33
104 16
79 29
78 23
57 42
42 34
96 17
113 70
114 83
34 12
69 4
85 38
99 34
84 24
98 52
43 31
112 91
9 4
35 0
23 4
17 16
4 0
47 22
65 27
85 31
98 84
33 1
88 53
95 17
92 57
52 3
102 40
39 32
90 50
57 48
95 62
62 56
71 60
102 98
65 20
79 19
1 0
111 108
16 4
88 83
47 2
37 25
32 31
60 10
97 63
110 73
43 26
67 41
93 91
34 31
109 79
44 30
82 74
86 44
93 9
34 18
82 81
62 27
