0:0 90 28 50 24 11 69 4 5 97 
66:66 48 92 91 86 57 44 75 112 
3:3 40 74 52 102 72 10 107 81 84 5 98 
69:69 11 24 28 90 50 
6:6 39 100 47 32 64 106 15 13 60 2 
72:72 107 81 84 10 102 98 52 5 74 40 3 
9:9 104 16 4 0 93 41 23 
75:75 57 92 48 112 44 66 91 86 
12:12 43 38 85 14 26 42 
78:78 7 77 8 22 108 51 68 111 21 
15:15 13 106 32 39 100 64 6 60 47 2 
81:81 84 107 10 72 102 98 52 5 74 40 3 
18:18 99 54 71 31 34 61 42 38 26 43 14 85 12 
84:84 81 107 10 72 102 98 52 5 74 40 3 
21:21 68 111 108 51 22 78 7 77 8 
87:87 56 95 62 17 65 113 20 96 76 27 70 
24:24 28 90 50 11 69 
90:90 28 50 24 11 69 
27:27 63 65 70 56 96 87 113 95 17 62 20 76 59 
93:93 23 16 4 41 0 9 104 
30:30 79 101 35 19 29 55 94 
96:96 56 87 65 113 95 17 27 62 20 76 70 
33:33 103 37 105 89 45 1 109 25 
99:99 54 71 18 31 34 61 42 38 26 43 14 85 12 
36:36 59 58 63 97 
102:102 107 10 72 74 81 84 3 40 52 5 98 
39:39 106 15 32 13 100 64 6 60 47 2 
105:105 45 103 33 37 89 1 109 25 
42:42 34 26 61 43 31 18 71 99 54 38 14 85 12 
108:108 7 22 77 78 51 8 68 111 21 
45:45 105 103 33 37 89 1 109 25 
111:111 23 78 68 108 7 22 51 21 77 8 9 
48:48 57 92 75 112 44 66 91 86 
114:114 83 53 46 49 88 73 110 67 
51:51 50 68 78 108 22 21 111 7 77 8 
54:54 99 71 18 31 34 61 42 38 26 43 14 85 12 
57:57 75 92 48 112 44 66 91 86 
60:60 10 102 74 72 107 81 84 5 98 52 40 3 
63:63 58 59 97 36 
