70 56
84 83
85 26
111 23
33 19
80 29
63 59
96 65
77 8
76 66
81 5
79 35
87 62
95 27
32 13
64 32
59 36
110 46
109 33
83 67
93 23
112 97
22 21
9 0
34 26
37 25
38 18
88 73
100 82
60 13
100 32
41 16
84 5
76 20
100 13
81 10
35 30
51 8
79 19
47 32
74 5
66 59
57 48
78 51
75 48
95 62
88 83
99 54
91 57
84 81
32 31
106 39
72 71
105 62
85 31
103 37
23 4
75 44
79 55
21 7
105 1
99 31
100 64
36 20
108 78
104 9
88 69
105 37
61 34
59 58
51 50
101 79
113 76
34 31
92 61
112 92
74 52
98 48
75 20
111 68
102 100
33 1
68 21
77 22
68 67
41 4
46 21
64 60
104 0
34 12
66 48
35 19
95 87
97 11
89 1
57 42
81 16
108 22
28 11
104 72
101 58
25 1
112 96
79 43
55 31
15 13
33 0
57 44
69 50
43 14
92 57
78 68
45 25
68 50
107 10
64 63
44 30
92 66
106 6
98 5
42 18
28 24
87 65
92 48
53 46
99 18
108 4
58 36
110 83
15 2
55 19
84 3
82 81
47 6
101 51
70 65
67 46
102 98
93 82
53 25
23 22
42 34
24 11
111 46
111 64
93 80
95 76
98 97
88 53
62 61
51 22
100 99
50 11
22 7
52 40
111 108
84 52
83 69
89 37
26 14
38 14
38 12
106 92
64 13
52 5
108 68
54 38
11 5
6 2
9 4
113 65
107 88
40 7
73 7
51 21
43 38
85 38
39 32
113 87
101 29
101 35
76 62
36 18
104 93
86 48
47 39
104 11
112 66
43 26
23 16
105 103
11 10
61 43
39 13
113 96
89 25
41 0
73 49
66 24
90 8
101 30
91 80
58 6
66 44
90 11
100 2
107 81
47 15
37 1
39 15
114 53
102 74
102 72
69 24
93 91
56 27
76 75
82 74
78 23
53 52
26 12
71 31
38 16
82 80
96 27
99 34
60 10
109 45
102 10
79 30
99 71
105 80
73 67
63 27
96 20
95 17
27 1
107 5
82 39
48 44
93 4
36 19
54 18
61 26
53 49
86 80
4 0
93 16
105 33
34 18
107 98
77 51
85 12
22 9
88 58
106 15
92 91
90 5
20 17
54 34
9 8
95 56
112 44
72 2
65 0
41 40
100 47
58 3
93 0
51 40
100 6
107 75
26 3
17 12
47 46
27 26
83 81
30 29
64 47
45 37
71 60
108 9
108 51
97 59
90 0
111 78
90 28
11 3
101 1
5 4
81 40
55 35
74 2
85 14
84 24
17 16
103 25
114 15
57 1
67 49
114 104
111 8
86 66
43 31
91 48
40 3
32 15
111 51
72 52
65 27
55 29
25 24
31 18
106 25
113 95
63 58
33 25
44 35
78 7
83 49
65 20
106 2
106 56
80 79
45 1
106 64
23 9
87 24
71 38
32 6
83 46
41 23
60 39
61 47
99 85
76 27
97 5
92 35
50 28
60 47
109 1
68 8
57 56
67 53
109 37
84 10
98 52
70 43
87 17
110 73
93 41
18 12
96 17
109 25
62 27
64 6
114 88
96 56
28 4
87 86
92 75
94 34
77 7
82 77
39 6
112 57
103 89
114 67
106 60
60 6
71 18
106 32
109 105
68 15
60 15
61 18
110 49
27 17
84 74
91 66
86 53
32 21
68 22
78 50
44 19
87 56
14 2
114 49
94 19
38 26
100 39
94 35
91 44
94 55
74 40
78 77
96 76
43 12
55 6
37 33
114 46
108 77
74 3
107 72
113 20
54 31
90 50
102 40
67 16
70 20
14 12
45 44
49 48
30 19
105 25
110 88
109 79
74 10
65 17
98 77
58 17
84 49
1 0
36 12
47 2
88 46
114 73
90 24
90 23
89 55
62 56
75 57
22 8
107 102
113 28
103 102
55 54
113 59
71 61
76 59
16 9
67 41
99 61
38 28
76 70
69 4
53 48
92 86
16 0
87 20
71 54
35 34
60 2
105 89
66 65
69 28
19 18
70 27
110 80
65 63
112 91
89 88
88 67
43 36
103 33
80 37
113 70
73 46
105 45
95 69
73 53
72 40
16 4
97 63
74 73
69 11
83 53
62 17
61 31
62 20
65 56
114 83
108 7
111 21
72 10
74 72
10 5
41 8
103 45
89 33
49 32
