7 6
21 8
37 36
50 24
54 14
62 45
63 42
78 28
82 29
82 7
83 73
85 6
86 75
94 79
94 30
95 37
96 48
103 1
109 30
114 58
88 67
71 61
51 21
111 23
51 22
71 60
61 34
73 53
101 29
47 46
103 37
22 21
101 94
84 81
58 3
98 10
39 13
93 16
76 59
32 6
90 0
64 47
33 0
108 4
113 17
93 91
105 103
11 10
62 56
90 50
44 19
58 36
86 80
110 53
78 8
107 72
76 62
86 66
101 35
79 30
107 81
38 26
55 30
93 80
87 62
68 51
60 39
95 62
35 30
32 21
110 83
106 39
109 79
86 44
104 87
55 29
109 37
80 79
88 58
64 2
89 1
74 3
67 41
112 44
109 89
71 31
25 1
105 37
110 24
91 66
41 8
55 31
67 53
101 19
65 27
37 33
64 32
9 4
92 35
112 57
62 61
63 27
43 14
77 73
92 48
83 53
107 5
89 55
55 19
71 38
92 91
52 40
114 67
79 35
87 56
110 80
113 96
44 35
81 3
107 75
82 74
97 11
92 75
60 15
96 87
27 1
100 64
93 23
101 1
38 14
107 102
109 25
50 30
106 32
80 37
99 71
112 63
82 77
100 6
61 43
80 29
66 44
59 36
52 5
69 24
111 7
19 18
103 33
64 13
45 13
108 68
68 67
38 18
93 41
49 48
111 78
29 19
113 95
35 34
96 56
106 13
84 52
99 54
33 19
78 22
83 46
11 3
66 48
98 48
114 83
35 0
16 4
92 57
108 21
97 86
70 65
69 28
98 52
108 22
38 12
107 84
73 67
51 50
53 49
50 28
71 54
68 8
112 75
85 14
110 13
109 103
5 3
71 14
14 2
85 43
91 44
94 55
85 38
47 6
39 15
102 3
106 15
87 65
87 20
105 80
75 20
51 40
65 17
104 9
101 58
90 11
74 52
93 0
81 40
25 24
93 4
97 58
91 69
89 45
28 24
111 21
27 26
109 1
94 82
92 86
13 2
13 12
77 7
22 9
42 34
86 57
102 100
17 12
78 77
92 66
112 92
95 76
53 46
75 57
101 30
111 46
6 2
111 68
85 80
49 46
93 82
105 1
94 80
87 17
45 1
105 45
103 102
82 81
100 32
100 47
35 19
62 17
39 6
77 51
71 34
37 1
91 80
37 25
60 6
32 13
98 5
43 12
104 72
49 32
43 42
88 73
114 49
14 12
57 48
78 7
114 88
114 46
104 93
101 55
106 92
60 13
100 39
75 44
45 33
4 0
99 61
102 10
61 26
27 17
81 72
96 27
82 39
109 63
90 5
16 0
95 17
57 1
60 59
1 0
100 15
47 15
59 58
36 20
47 2
91 48
100 2
76 75
99 14
109 105
99 18
83 49
65 20
15 13
41 9
62 20
90 28
65 56
63 58
67 16
100 99
46 21
82 30
54 38
108 9
66 65
40 3
78 68
74 5
98 84
74 10
108 51
74 72
77 8
109 33
95 56
32 15
98 97
104 16
113 76
9 8
88 83
72 2
85 26
31 18
98 81
79 19
64 6
60 10
79 31
103 89
68 21
102 74
69 11
33 1
91 86
113 87
108 7
94 35
114 53
64 63
34 31
58 17
5 4
8 7
70 43
58 6
95 87
61 31
