7 6
15 2
16 9
22 21
23 4
26 12
27 17
33 1
33 25
33 19
34 31
34 26
34 12
35 0
35 19
36 20
37 1
37 33
39 15
43 38
51 50
53 25
53 48
55 19
57 56
57 1
59 36
60 6
61 18
62 61
63 59
64 63
65 0
66 48
67 16
67 53
67 49
68 15
68 8
70 20
71 60
72 2
72 40
74 5
76 66
78 77
78 68
80 37
81 16
82 81
82 29
84 49
84 5
85 12
86 75
86 80
88 67
89 55
90 8
91 29
91 86
92 35
92 86
92 57
94 55
94 82
95 76
96 56
96 20
99 85
101 51
101 55
101 35
102 40
103 33
103 25
103 70
104 41
104 23
105 33
105 37
105 80
106 56
106 92
106 39
107 40
107 84
108 21
108 78
109 105
109 25
110 73
111 64
111 8
112 96
113 65
114 49
114 15
99 89
5 3
68 7
64 6
40 7
99 71
88 58
50 30
36 19
108 51
111 7
71 14
107 72
101 30
82 80
73 46
51 40
84 81
94 30
101 29
93 91
93 0
102 10
74 2
14 12
90 5
36 12
53 46
109 89
41 23
109 103
20 17
104 16
55 31
78 23
33 0
40 3
86 57
76 27
3 2
79 35
47 2
30 29
51 8
111 51
100 82
66 65
114 67
107 98
65 27
45 37
112 66
35 30
55 35
82 74
105 103
41 40
30 19
67 46
99 31
93 4
93 16
113 87
109 30
31 18
81 5
98 10
79 29
114 83
26 14
17 16
88 46
97 58
43 42
51 21
98 48
9 8
104 72
95 69
101 94
98 97
100 6
44 30
77 7
74 73
61 54
98 84
114 110
113 17
92 75
69 28
45 13
49 46
15 13
62 56
92 66
81 10
96 17
105 25
111 21
106 2
84 10
25 24
14 2
104 93
95 17
81 3
71 31
63 42
11 3
112 52
101 1
70 69
76 62
60 47
23 0
86 44
112 75
89 25
97 59
50 24
42 34
78 51
74 40
50 11
28 4
105 89
42 29
114 46
78 50
98 40
90 28
111 46
94 19
49 32
93 23
95 70
92 61
73 67
55 54
13 12
100 64
69 50
16 4
93 9
35 29
111 108
9 0
9 4
47 39
57 42
45 1
66 59
98 52
32 13
113 70
92 48
43 12
107 75
28 11
102 100
88 69
82 7
37 25
19 18
110 13
64 60
113 28
95 56
70 65
108 22
91 44
110 67
16 0
8 7
103 102
60 15
95 27
29 19
74 3
87 17
87 56
52 40
80 79
39 6
90 69
57 44
58 36
35 34
112 91
106 32
81 72
70 43
55 29
64 2
84 3
114 73
91 48
91 80
34 18
96 76
47 22
73 53
91 66
104 0
113 76
65 17
104 11
57 48
43 26
110 24
83 53
22 7
54 18
58 17
41 16
89 1
64 13
89 33
44 19
63 27
45 25
103 45
78 7
106 15
100 39
68 21
11 10
96 48
104 87
82 77
5 4
42 26
64 9
100 13
74 52
21 8
93 80
36 18
65 63
37 36
112 63
61 34
78 22
71 38
45 44
87 24
39 38
98 77
66 24
42 18
38 26
72 71
84 74
102 98
58 3
83 69
76 75
43 36
111 68
96 27
85 26
38 16
70 27
106 13
76 59
77 73
17 12
98 81
83 67
