82 31
98 91
77 31
13 3
5 4
79 74
86 76
21 11
99 74
84 62
2 0
83 71
100 96
88 84
25 22
40 25
84 75
38 34
31 4
87 72
84 60
85 58
96 66
61 59
10 6
42 8
55 10
97 86
68 58
66 30
68 65
96 94
28 4
40 24
21 10
77 76
99 59
67 65
38 33
87 84
41 9
82 73
73 30
82 71
11 8
52 9
63 60
74 72
78 74
92 75
57 49
57 56
82 30
89 84
49 9
23 8
76 30
45 11
52 51
89 73
11 9
89 88
49 20
58 49
39 33
75 73
81 71
45 8
33 10
77 19
5 1
33 8
8 3
85 65
16 3
101 61
77 30
56 19
84 79
75 71
55 19
99 30
64 58
76 49
90 70
14 7
77 58
24 3
94 73
84 82
82 76
74 71
48 9
45 40
99 60
78 71
37 8
84 81
70 64
97 96
57 13
23 3
65 64
104 69
79 71
84 83
67 66
72 49
80 30
3 1
12 6
22 3
83 76
38 35
93 30
97 81
63 59
20 8
41 40
24 8
7 6
15 3
9 8
14 3
16 15
21 3
94 84
100 62
32 23
42 39
65 58
103 67
75 74
104 103
100 98
86 60
40 13
30 4
53 20
47 24
14 9
70 30
90 66
58 51
15 12
40 12
18 6
69 64
53 26
89 66
47 12
40 39
47 9
26 24
24 20
52 22
58 50
51 9
54 41
47 26
17 13
100 83
41 8
32 8
95 73
35 34
101 86
21 8
75 30
44 13
25 14
79 75
42 13
71 68
79 72
84 66
17 12
67 64
84 30
25 3
47 46
30 7
57 20
4 2
101 100
75 72
87 83
42 40
44 8
46 8
84 76
32 12
65 51
91 90
99 62
100 99
54 23
100 91
99 90
5 2
47 40
36 34
86 61
32 13
38 10
80 71
100 86
97 73
86 30
43 8
85 66
1 0
6 5
82 74
39 10
15 10
72 70
4 0
20 9
58 7
69 51
91 72
94 93
93 73
58 30
26 14
22 6
95 61
84 72
92 73
26 3
88 66
40 20
47 41
24 9
69 65
14 11
45 9
29 13
33 32
53 24
47 23
90 72
49 31
39 35
7 5
79 30
57 48
18 3
50 11
77 75
47 45
58 14
10 3
29 11
3 0
66 64
95 94
23 21
40 35
58 52
83 73
85 7
12 3
64 52
