0:0 1 2 4 5 28 6 29 7 18 
1:1 0 5 2 6 4 7 29 18 28 
2:2 0 4 5 28 1 6 29 7 18 
3:3 16 18 1 21 15 22 5 23 26 24 14 20 8 6 53 0 11 25 10 9 12 45 40 27 2 50 55 29 52 4 41 47 54 32 44 13 17 33 42 46 36 19 39 37 35 43 38 34 56 57 48 49 
4:4 28 2 29 5 0 6 1 7 18 
5:5 1 2 4 7 0 6 28 29 18 
6:6 18 22 5 7 1 25 0 2 4 29 28 
7:7 85 5 6 2 0 4 1 29 18 28 
8:8 46 43 21 37 22 23 24 20 33 35 10 11 9 3 38 47 32 12 39 45 40 27 50 14 56 26 41 13 42 34 54 25 17 44 15 36 53 16 55 57 19 48 49 29 18 6 
9:9 52 51 49 41 24 14 50 48 58 20 57 26 27 25 69 11 53 45 65 3 8 64 56 40 22 68 21 43 47 19 85 13 23 54 42 46 17 44 12 32 29 33 36 55 10 15 39 37 35 38 16 34 18 6 7 
10:10 21 15 38 39 35 6 55 19 34 12 33 37 16 36 32 23 18 3 8 22 46 1 43 44 13 56 0 5 42 40 47 17 11 2 45 41 24 25 29 54 27 26 4 14 9 20 53 57 48 49 50 
11:11 50 29 45 14 56 17 10 21 3 19 13 26 8 9 58 43 25 24 22 20 27 23 12 16 44 55 15 57 47 40 41 53 54 32 42 49 33 48 39 37 46 36 35 38 34 52 18 6 51 
12:12 55 17 32 15 38 41 39 33 9 47 46 40 44 13 10 8 54 42 36 24 45 23 27 35 37 3 11 34 21 26 16 20 22 43 14 53 25 19 50 56 29 57 48 49 18 6 
13:13 44 29 17 57 43 32 42 56 48 40 11 20 45 8 47 50 22 12 9 24 33 46 41 23 26 54 49 27 3 53 14 36 21 25 39 37 35 18 10 38 34 6 15 16 55 19 
14:14 25 26 53 24 40 45 22 20 8 11 3 9 27 21 50 44 52 48 42 41 16 47 13 23 12 54 49 15 17 57 32 46 10 36 33 55 35 39 43 38 37 56 34 19 29 18 6 
15:15 16 55 19 56 43 
16:16 15 55 19 56 43 
17:17 13 12 11 29 47 44 32 3 14 50 55 15 45 57 8 40 10 46 26 33 9 23 21 24 20 22 42 16 27 41 25 54 53 39 37 48 36 19 35 38 56 49 34 43 18 6 
18:18 6 22 1 5 25 0 7 4 2 29 28 
19:19 55 56 43 57 48 49 20 
20:20 57 49 48 56 43 19 55 
21:21 23 10 3 15 8 16 19 11 18 1 32 33 27 22 55 5 12 6 0 37 56 14 20 45 50 17 9 47 25 38 26 13 24 2 43 40 41 29 46 54 57 39 35 42 44 34 36 53 4 48 49 
22:22 25 52 6 18 51 1 29 0 5 4 2 28 7 
23:23 32 21 54 33 8 12 46 41 10 38 47 37 44 27 39 35 36 40 13 55 34 42 17 15 43 45 16 11 3 29 22 24 26 9 19 20 14 53 56 50 25 57 48 49 18 6 
24:24 26 53 9 40 20 45 49 48 8 14 47 41 44 25 27 57 12 11 42 22 54 13 3 46 36 17 23 50 56 21 32 43 29 33 39 37 18 35 10 38 34 6 15 16 55 19 
25:25 14 22 6 18 7 1 29 5 0 3 4 2 16 15 28 
26:26 53 24 40 45 20 25 44 22 8 47 42 13 11 46 9 14 37 41 27 3 12 17 43 29 50 54 23 36 21 32 33 18 35 10 39 38 34 6 15 16 55 19 56 57 48 49 
27:27 41 54 11 9 47 45 50 36 12 14 17 23 24 29 52 40 8 26 13 3 25 32 22 44 21 33 20 42 46 53 18 39 43 37 6 10 35 38 34 15 16 55 19 56 57 48 49 
28:28 4 2 29 0 5 1 6 7 18 
29:29 4 28 2 0 5 1 6 7 18 
30:30 80 70 77 79 83 7 31 99 76 86 71 75 84 66 93 100 90 74 60 82 73 58 49 72 91 89 78 88 87 85 92 96 97 62 98 81 63 94 101 59 68 61 28 95 102 
31:31 78 77 76 49 75 82 30 83 74 71 70 72 79 80 87 91 92 84 90 73 98 88 99 89 66 100 86 93 96 97 81 94 60 101 62 28 63 59 61 95 102 
32:32 23 33 21 54 8 12 46 41 10 38 47 37 44 27 39 35 36 40 13 55 34 42 17 15 43 45 16 11 3 29 22 24 26 9 19 20 14 53 56 50 25 57 48 49 18 6 
33:33 32 38 39 37 34 35 10 36 
34:34 36 38 39 35 33 37 10 
35:35 34 36 38 39 37 33 10 
36:36 34 41 35 38 39 37 33 10 47 12 42 54 32 40 55 15 23 27 44 8 16 13 21 46 45 43 17 11 3 29 22 24 26 9 19 20 14 53 56 50 25 57 48 49 18 6 
37:37 34 38 47 33 39 36 35 32 10 12 42 23 41 55 15 17 54 8 16 21 13 40 43 44 3 27 24 46 19 45 26 11 9 22 14 20 56 53 25 57 50 48 29 49 18 6 
38:38 34 39 33 35 37 36 10 
39:39 42 34 38 33 35 37 10 36 
40:40 44 25 53 42 45 22 24 35 13 8 26 47 39 43 20 37 11 46 33 34 36 3 57 17 12 38 10 14 56 21 27 41 9 23 54 32 15 19 55 16 48 49 50 29 18 6 
41:41 36 27 54 47 23 34 46 37 12 35 32 33 38 8 39 40 42 10 44 45 24 43 13 21 9 26 11 3 17 53 20 14 22 15 50 25 16 55 19 29 56 57 48 49 18 6 
42:42 39 40 13 44 35 47 43 25 29 17 53 34 36 38 37 45 26 12 24 8 33 41 54 10 32 11 27 46 23 9 14 21 3 20 22 15 50 16 55 19 56 57 48 49 18 6 
43:43 56 19 55 
44:44 13 40 12 17 47 32 42 54 41 39 24 8 55 25 29 33 23 27 46 36 45 9 26 22 35 11 3 38 14 37 43 34 10 21 20 53 15 16 19 50 56 57 48 49 18 6 
45:45 11 26 47 14 17 40 24 50 27 29 53 36 13 41 9 42 25 44 3 8 12 20 22 54 46 23 21 32 43 18 48 33 57 35 6 10 39 56 37 49 38 34 15 19 55 16 
46:46 102 95 94 61 93 101 
47:47 36 45 37 41 33 13 46 17 54 12 40 27 8 32 34 23 42 38 39 35 44 24 43 10 26 9 11 21 53 3 20 14 22 15 50 25 16 55 19 29 56 57 48 49 18 6 
48:48 57 49 20 56 43 19 55 
49:49 57 48 20 56 43 19 55 
50:50 58 11 14 68 29 45 49 7 56 69 17 52 9 51 64 65 57 85 26 13 43 48 20 53 24 8 3 47 40 27 22 21 42 46 12 44 41 23 25 54 32 33 36 18 6 39 37 10 35 38 34 15 19 55 16 
51:51 52 69 65 64 58 68 85 67 104 103 50 
52:52 51 22 64 69 65 68 58 85 67 104 103 50 
53:53 26 24 20 40 57 48 49 45 56 9 25 43 14 8 47 42 22 11 13 41 3 46 27 12 17 44 54 21 50 29 23 36 32 18 33 35 39 37 10 6 38 34 15 19 55 16 
54:54 27 23 41 47 32 33 36 12 17 46 38 37 34 8 39 35 10 42 13 21 40 43 44 11 45 29 24 22 3 26 9 55 14 15 20 53 19 25 16 56 57 50 48 49 18 6 
55:55 19 15 16 56 43 
56:56 43 19 55 
57:57 48 56 49 20 43 19 55 
58:58 50 68 49 7 14 69 52 51 64 9 65 85 48 57 20 67 104 103 
59:59 63 61 62 60 99 
60:60 63 59 62 99 
61:61 95 59 102 63 62 60 99 
62:62 63 59 60 99 
63:63 59 62 60 99 
64:64 68 67 65 52 69 51 58 104 103 85 50 
65:65 69 85 51 64 58 68 52 67 104 103 50 
66:66 80 88 96 97 67 89 64 100 86 84 65 103 73 104 81 69 101 94 93 68 98 60 83 99 51 87 62 30 71 74 63 76 70 79 59 58 82 72 75 91 77 90 61 31 92 85 78 95 7 52 102 28 
67:67 103 104 
68:68 64 58 65 52 69 50 51 85 67 104 103 
69:69 51 104 65 67 64 103 68 52 58 85 50 
70:70 90 91 98 79 100 74 75 72 78 87 71 99 30 31 82 77 83 73 80 84 92 76 88 66 62 89 86 96 93 60 97 63 94 81 101 59 61 28 95 102 
71:71 81 68 80 77 83 7 82 75 76 30 58 31 72 70 73 78 74 92 85 84 79 49 86 87 89 91 97 66 88 93 100 98 90 96 99 94 60 101 62 28 63 59 61 95 102 
72:72 92 78 85 87 88 82 28 71 75 80 74 79 70 31 84 83 73 91 66 30 76 89 98 90 77 100 86 99 81 97 93 96 94 60 101 62 63 59 61 95 102 
73:73 92 98 89 93 94 82 86 71 95 96 97 102 81 84 66 100 101 72 88 80 61 76 87 83 74 75 79 30 91 78 70 31 90 99 77 60 62 59 63 28 
74:74 78 87 88 79 91 99 71 98 72 75 100 90 31 84 83 73 81 82 89 92 30 70 76 77 62 66 86 80 60 97 93 63 96 59 94 101 28 61 95 102 
75:75 70 77 82 92 76 78 71 74 72 31 30 83 79 73 91 80 87 84 98 88 90 89 66 86 100 99 96 97 81 93 60 101 94 62 63 59 61 28 95 102 
76:76 77 49 83 82 31 53 75 30 71 20 78 74 70 80 72 79 57 91 48 87 92 84 90 73 98 88 99 89 66 100 86 93 96 97 81 94 60 101 62 28 63 59 102 95 61 
77:77 31 19 76 75 49 30 82 55 83 78 70 71 74 79 72 91 80 73 92 98 87 84 90 88 100 99 89 66 86 62 93 60 96 97 81 63 94 101 59 28 61 95 102 
78:78 31 74 72 75 87 91 88 82 79 71 92 98 77 84 70 73 76 30 83 89 90 80 66 86 100 97 81 99 96 93 60 62 94 101 63 59 61 28 95 102 
79:79 91 74 30 100 98 99 75 31 83 80 78 66 87 90 62 84 72 70 73 76 71 77 82 88 92 89 86 96 93 97 60 94 81 101 63 59 61 28 95 102 
80:80 71 81 68 77 83 7 82 72 75 76 30 85 58 87 78 92 73 84 74 31 79 70 88 86 98 89 66 91 97 100 96 90 93 101 99 94 28 60 62 102 63 95 59 61 
81:81 97 96 
82:82 76 71 75 73 31 77 83 74 78 92 72 30 70 79 80 87 84 91 88 98 89 66 90 86 100 97 81 99 96 93 60 62 94 101 63 59 61 28 95 102 
83:83 87 76 71 30 77 82 75 80 84 74 7 70 31 79 72 81 78 91 88 73 92 98 89 90 66 86 100 97 99 96 93 85 60 62 94 101 63 59 61 28 95 102 
84:84 87 88 60 89 83 94 76 86 75 81 101 62 72 100 97 73 63 82 93 61 66 30 99 96 74 71 92 59 79 70 80 90 91 98 78 77 31 95 102 28 
85:85 65 7 58 69 51 64 68 52 67 104 103 50 
86:86 101 97 60 89 93 100 61 84 73 66 81 96 99 62 94 63 59 88 95 102 98 87 74 83 91 30 79 90 80 72 71 82 75 70 76 92 31 78 77 28 
87:87 98 83 74 91 78 71 84 73 88 72 75 79 89 82 100 31 81 94 92 76 96 86 101 77 30 97 66 93 80 70 99 90 28 60 62 63 59 61 95 102 
88:88 89 74 66 84 72 80 78 87 99 28 96 97 90 73 86 100 81 79 60 85 82 75 71 91 30 92 76 98 93 62 83 31 70 77 63 59 94 101 61 95 102 
89:89 88 86 73 84 93 66 97 92 72 100 98 101 96 94 87 81 74 99 91 28 80 90 79 60 30 62 83 82 75 71 76 63 70 59 31 78 77 61 95 102 
90:90 70 91 98 79 100 74 75 72 78 87 71 99 30 31 82 77 83 73 80 84 92 76 88 66 62 89 86 96 93 60 97 63 94 81 101 59 61 28 95 102 
91:91 98 90 79 100 62 74 99 87 78 63 59 60 72 84 88 92 75 89 83 66 73 70 86 96 82 76 71 30 97 31 93 80 81 77 94 101 28 61 95 102 
92:92 73 72 82 89 75 71 78 98 85 87 86 88 74 93 28 94 84 66 91 31 79 83 101 76 70 102 30 100 90 77 96 97 99 80 81 95 60 61 62 63 59 
93:93 94 102 95 101 61 
94:94 102 95 101 61 93 
95:95 61 102 94 101 93 
96:96 97 94 81 102 95 101 61 93 86 73 100 89 84 66 88 99 98 60 62 59 63 87 74 83 91 30 79 90 80 72 71 82 75 70 76 92 31 78 77 28 
97:97 81 96 
98:98 91 87 74 90 79 72 99 78 75 88 100 31 70 92 84 82 73 71 30 66 83 76 89 80 77 96 93 86 97 94 81 101 60 28 62 63 59 61 95 102 
99:99 63 90 60 93 59 62 
100:100 62 96 91 98 101 86 97 61 94 60 79 73 84 95 89 81 93 59 99 63 102 66 90 88 74 87 72 92 28 78 83 75 30 71 82 70 80 76 31 77 
101:101 61 94 86 95 93 102 100 96 97 73 81 98 89 84 66 88 99 60 87 62 74 59 83 63 91 30 79 90 80 72 71 82 75 70 76 92 31 78 77 28 
102:102 95 46 94 61 93 101 
103:103 104 67 
104:104 103 67 
