6 0
6 4
10 8
11 3
12 11
13 11
13 12
16 10
17 3
17 11
18 12
19 10
22 11
23 12
26 11
27 3
27 11
29 6
31 30
33 12
35 8
36 35
36 12
37 35
39 12
39 38
43 42
44 35
46 12
47 11
47 42
47 37
47 27
49 48
50 9
54 40
54 27
55 15
63 62
69 58
72 28
73 31
74 66
74 30
76 71
76 53
77 71
83 30
84 73
86 72
86 81
89 72
91 31
91 79
93 66
97 66
98 73
99 93
100 73
100 66
100 84
101 84
101 94
69 64
74 71
77 31
100 86
58 30
82 76
21 8
41 36
101 100
88 66
104 67
86 66
70 30
92 75
85 72
75 71
6 5
33 8
12 3
38 33
83 73
41 27
47 40
63 59
99 84
37 34
65 58
27 8
89 84
40 25
86 76
104 103
82 71
92 72
86 30
91 74
24 9
15 3
79 74
90 70
40 8
98 91
84 83
54 12
57 56
99 73
40 13
65 64
57 20
35 34
84 74
99 30
22 6
20 8
35 10
100 96
86 84
32 12
54 41
74 72
69 51
22 8
68 64
78 74
102 93
75 30
63 60
78 31
11 8
40 35
32 23
18 3
75 74
48 20
26 3
82 72
37 10
20 3
25 14
41 8
47 9
33 23
14 3
75 72
99 60
94 73
83 75
68 65
22 3
43 35
73 71
84 75
30 7
92 73
86 73
79 71
99 59
40 26
49 20
62 59
46 8
49 9
77 30
42 39
58 14
13 8
38 12
58 49
3 1
80 30
12 8
38 37
52 9
78 72
40 24
45 11
84 72
76 66
15 12
23 3
55 12
24 3
47 13
53 24
45 40
5 1
14 11
42 40
44 13
73 30
38 10
10 3
53 20
4 0
52 51
9 3
16 15
47 36
67 66
57 13
12 9
67 65
7 6
41 12
89 88
80 71
23 21
93 73
97 81
84 76
73 66
66 64
100 62
47 12
55 19
79 72
7 2
24 8
17 12
99 74
42 8
56 19
7 5
28 4
29 4
71 68
47 33
14 7
70 64
94 93
2 0
90 72
77 76
81 71
39 33
33 32
55 10
44 40
56 11
14 8
4 2
10 6
26 24
39 35
91 90
56 43
36 34
53 26
87 72
102 95
68 58
14 12
50 11
96 84
71 7
88 72
85 7
54 23
47 23
14 9
75 70
65 51
