0:0 2 1 5 4 28 
1:1 0 5 2 4 28 
2:2 0 4 5 28 1 
3:3 16 18 21 1 25 17 0 14 20 23 10 15 6 11 12 5 19 55 8 22 32 33 9 13 29 7 24 26 47 45 2 44 27 40 53 50 41 54 4 42 46 39 43 35 36 38 37 34 56 57 48 49 52 
4:4 28 2 5 0 7 1 6 29 
5:5 1 0 4 2 6 7 29 28 
6:6 18 29 1 25 22 0 5 4 2 7 28 
7:7 2 85 5 0 4 1 28 6 29 18 
8:8 32 44 45 22 24 23 33 13 9 46 21 43 40 12 47 42 26 27 11 35 20 53 41 3 54 17 39 14 36 50 10 25 38 18 15 34 37 16 55 6 29 19 56 1 57 0 48 5 49 52 
9:9 50 52 51 49 27 20 48 57 58 11 14 56 69 29 65 64 68 85 104 67 103 7 
10:10 16 19 37 33 35 6 55 21 38 39 34 15 56 18 29 3 12 1 25 0 36 23 22 44 8 32 5 13 4 14 2 11 43 7 17 47 42 40 46 27 26 24 45 41 54 9 53 20 50 57 48 49 52 
11:11 50 29 17 26 14 27 20 13 9 3 47 45 8 40 53 43 48 57 24 42 41 23 49 12 44 54 32 21 46 36 33 18 56 25 22 15 6 16 52 39 10 35 38 37 34 55 19 1 0 5 
12:12 15 18 32 44 38 41 14 33 6 13 9 55 47 8 23 17 36 10 11 27 39 40 3 54 29 46 35 21 24 45 26 42 22 25 37 43 20 53 16 34 50 19 56 1 57 0 48 5 49 52 
13:13 43 42 44 17 29 35 39 40 8 34 38 37 33 45 12 32 36 47 10 23 41 24 26 11 54 53 27 46 21 9 14 3 20 16 18 50 15 25 22 55 6 19 56 1 57 0 48 5 49 52 
14:14 7 25 58 26 11 50 85 45 22 3 6 29 2 53 52 17 9 0 5 18 1 4 21 51 20 24 16 8 40 65 49 10 12 48 13 69 27 64 47 44 41 57 23 15 32 54 33 42 46 36 43 39 68 55 35 38 19 37 56 34 
15:15 55 16 19 10 56 57 48 49 20 
16:16 10 15 55 19 3 37 21 56 18 35 1 34 38 39 0 6 5 33 25 12 22 2 4 36 23 7 32 14 8 29 44 11 43 13 17 42 26 47 40 45 24 27 41 54 9 53 20 46 50 57 48 49 52 
17:17 13 11 47 29 42 27 26 45 50 46 36 43 40 41 9 8 54 12 24 44 23 53 20 32 3 14 33 21 18 25 22 15 6 16 39 52 10 35 38 37 34 55 19 56 57 48 49 1 0 5 
18:18 6 29 1 25 22 0 5 4 2 7 28 
19:19 56 55 57 48 49 20 
20:20 48 49 57 56 
21:21 23 3 10 16 19 33 27 8 15 18 11 1 32 25 12 22 55 6 14 17 20 0 56 13 9 47 29 44 5 43 57 54 40 41 24 48 42 45 46 26 50 53 39 36 49 35 38 37 34 52 
22:22 52 25 6 18 29 1 0 5 4 2 7 28 
23:23 32 27 33 21 54 47 41 36 12 40 8 46 24 13 39 38 42 44 43 17 35 45 34 37 10 26 11 53 3 9 29 20 14 16 50 15 18 25 22 55 6 19 56 1 57 0 48 5 49 52 
24:24 53 26 40 47 20 45 54 42 41 46 48 27 8 36 57 9 11 49 23 13 12 32 17 44 43 14 33 3 50 56 21 18 25 22 15 39 35 10 38 16 37 34 55 19 6 52 29 1 0 5 
25:25 22 6 18 29 1 52 0 5 4 2 7 28 
26:26 53 45 24 14 40 8 25 47 22 11 42 46 41 44 54 20 13 12 27 9 17 43 3 29 23 32 36 21 18 50 33 6 15 35 10 39 16 1 52 38 37 55 34 19 56 57 48 49 0 5 
27:27 54 41 23 47 32 40 33 36 42 45 12 24 8 13 26 39 53 46 9 44 11 43 17 38 35 20 14 50 34 37 3 21 10 18 25 22 16 15 6 29 55 19 1 56 0 5 57 48 52 49 
28:28 4 2 5 0 7 1 6 29 
29:29 6 4 5 28 18 0 2 1 7 
30:30 80 93 70 79 82 99 58 86 67 75 66 84 71 72 76 73 77 64 74 90 31 60 100 83 91 103 92 89 78 98 96 87 88 97 62 101 81 94 59 63 68 61 85 104 28 65 95 69 51 102 52 
31:31 77 82 78 74 4 91 75 71 30 76 79 98 28 72 83 87 70 80 73 90 84 92 66 100 88 89 86 99 96 97 81 93 101 94 60 62 63 59 61 95 102 
32:32 23 33 8 38 21 37 39 12 10 34 44 35 13 55 15 46 43 36 47 16 19 42 17 3 41 40 27 54 18 11 24 45 26 9 20 56 53 14 50 57 48 25 22 49 6 52 29 1 0 5 
33:33 38 39 23 32 34 12 37 35 10 36 18 15 55 16 44 8 21 19 3 46 13 47 56 17 43 42 24 11 40 27 26 14 45 41 54 53 9 20 50 25 22 57 48 6 29 49 1 0 5 52 
34:34 37 38 35 39 36 33 10 16 
35:35 44 37 39 36 43 34 38 42 33 10 16 
36:36 34 41 35 37 38 39 33 10 16 
37:37 34 38 35 39 36 33 10 16 
38:38 34 37 39 33 35 10 16 36 
39:39 38 33 35 34 37 36 10 16 
40:40 53 42 54 45 41 24 26 47 27 43 13 36 23 8 17 32 44 12 11 33 35 39 9 46 21 37 14 38 3 10 34 20 16 18 50 15 55 25 22 19 6 29 56 57 1 48 0 49 5 52 
41:41 27 36 54 40 47 53 23 42 24 26 45 8 32 13 46 33 43 9 12 11 44 20 17 3 14 50 21 35 39 10 18 25 22 15 38 16 37 55 6 34 29 19 56 1 57 0 48 5 49 52 
42:42 43 13 17 44 35 29 39 40 8 34 38 37 33 45 12 32 36 47 10 23 41 24 26 11 54 53 27 46 21 9 14 3 20 16 18 50 15 25 22 55 6 19 56 1 57 0 48 5 49 52 
43:43 42 13 17 44 35 29 39 40 8 34 38 37 33 45 12 32 36 47 10 23 41 24 26 11 54 53 27 46 21 9 14 3 20 16 18 50 15 25 22 55 6 19 56 1 57 0 48 5 49 52 
44:44 35 13 8 43 40 32 37 42 12 17 45 22 10 46 47 39 33 11 38 41 24 26 34 23 15 55 36 27 54 53 3 21 16 9 14 20 25 50 18 19 56 6 29 57 48 1 49 0 5 52 
45:45 26 40 8 24 53 44 22 42 41 13 32 54 11 47 27 12 17 43 23 20 46 29 9 33 3 36 14 21 25 18 50 35 39 10 6 15 52 38 16 37 55 34 19 56 57 48 49 1 0 5 
46:46 102 95 61 94 93 101 
47:47 46 36 17 24 27 33 23 13 42 12 40 8 32 54 43 41 11 3 26 44 9 21 45 20 14 22 18 39 53 25 35 50 10 38 37 34 16 15 6 29 55 19 1 56 0 5 57 48 52 49 
48:48 57 49 20 56 
49:49 48 20 57 56 
50:50 58 9 52 51 49 14 11 77 64 48 27 20 69 65 57 68 56 85 19 7 104 67 103 55 
51:51 69 65 64 104 68 67 103 
52:52 22 51 58 69 64 65 50 68 85 104 67 103 
53:53 24 26 40 45 20 54 47 41 8 27 9 42 46 36 23 11 12 13 50 21 32 14 17 3 44 33 43 18 25 22 15 39 35 10 38 16 37 34 55 6 29 19 56 1 57 0 48 5 49 52 
54:54 27 41 23 47 32 40 33 36 42 45 12 24 8 13 26 39 53 46 9 44 11 43 17 38 35 20 14 50 34 37 3 21 10 18 25 22 16 15 6 29 55 19 1 56 0 5 57 48 52 49 
55:55 19 15 56 57 48 49 20 
56:56 57 19 55 48 49 20 
57:57 56 48 49 20 
58:58 50 52 51 77 49 64 69 65 9 68 48 20 57 85 104 56 67 19 103 
59:59 60 62 61 63 99 95 
60:60 59 63 62 99 
61:61 95 102 46 94 93 101 
62:62 59 63 60 99 
63:63 59 60 62 99 
64:64 67 69 65 68 58 51 104 103 52 
65:65 68 85 69 51 64 58 52 104 67 103 
66:66 85 97 89 70 64 100 28 80 88 90 96 72 73 84 65 86 99 67 91 30 98 101 81 74 60 62 79 92 93 94 75 87 59 63 82 71 83 68 76 78 31 61 77 95 102 103 104 69 51 58 52 
67:67 103 104 
68:68 65 64 69 51 67 104 103 
69:69 104 51 65 64 103 67 68 
70:70 90 64 75 66 72 30 67 92 91 69 85 99 97 28 76 89 74 73 79 84 86 88 82 65 80 31 78 71 83 93 77 100 81 68 96 87 60 104 98 62 103 101 94 59 63 58 51 61 95 52 102 
71:71 68 81 77 7 79 82 76 80 75 30 31 72 83 84 74 70 78 86 91 73 92 89 87 97 100 66 90 98 88 96 99 93 101 85 60 94 62 63 59 28 61 95 102 
72:72 80 78 88 90 85 70 49 76 86 71 28 66 75 89 81 82 74 77 7 30 83 31 84 79 73 97 87 91 92 96 100 99 98 93 101 94 60 62 63 59 61 95 102 
73:73 92 98 96 97 94 89 31 100 99 74 86 84 66 91 101 93 81 87 62 75 78 88 95 72 79 83 30 60 82 76 71 90 70 80 59 61 63 77 102 28 
74:74 78 87 79 31 88 75 91 72 98 82 71 77 76 73 92 70 80 83 30 84 90 89 66 100 86 99 96 97 81 93 101 60 94 62 63 59 28 61 95 102 
75:75 92 70 83 77 79 82 31 76 71 30 72 91 74 73 78 80 84 90 87 98 100 66 88 89 86 99 96 97 28 81 93 101 94 60 62 63 59 61 95 102 
76:76 83 77 82 86 71 75 31 30 81 72 84 73 79 78 74 89 92 97 70 80 91 101 100 66 88 98 96 87 90 94 93 99 28 60 62 59 63 61 95 102 
77:77 19 31 58 76 49 75 82 30 56 50 55 52 71 83 79 70 78 74 80 57 72 91 48 87 68 90 84 98 92 73 88 100 66 89 99 86 96 85 64 97 93 65 81 101 60 94 62 51 69 67 59 63 104 28 103 61 95 102 
78:78 74 31 75 91 87 82 79 98 72 71 77 76 73 92 70 80 83 30 90 100 84 66 99 86 96 89 88 93 97 81 101 94 60 62 59 63 61 28 95 102 
79:79 91 74 71 75 78 31 82 77 72 70 83 98 92 76 73 87 30 90 80 84 100 66 88 89 86 99 96 97 28 81 93 101 94 60 62 63 59 61 95 102 
80:80 30 72 70 66 79 82 86 75 76 71 78 88 90 85 93 74 84 31 89 91 77 73 83 81 92 97 100 87 99 96 98 101 94 60 62 59 63 61 28 95 102 
81:81 97 86 61 101 95 94 102 96 93 84 73 89 60 100 99 66 88 62 59 63 98 87 90 83 91 74 72 79 30 92 70 78 28 75 80 71 76 82 31 77 
82:82 31 76 71 75 30 77 83 79 74 70 78 80 92 73 72 91 84 87 98 90 88 86 100 66 89 81 101 97 99 96 93 94 60 62 63 28 59 61 95 102 
83:83 87 100 76 75 98 84 77 71 82 91 79 92 74 31 73 72 30 78 81 86 80 70 96 88 66 89 97 101 90 94 93 99 28 60 62 59 63 61 95 102 
84:84 101 96 60 89 79 82 99 76 86 81 87 88 72 100 97 30 66 73 74 71 62 75 83 80 98 93 59 70 63 78 91 31 90 92 94 77 61 95 28 102 
85:85 65 7 68 2 58 69 64 51 5 104 67 52 0 103 1 4 6 29 28 
86:86 61 101 81 89 76 97 84 66 95 88 96 73 94 100 60 99 83 72 93 62 59 63 102 90 30 92 82 75 70 80 79 74 71 91 31 87 98 78 77 28 
87:87 98 91 100 74 79 83 78 75 31 73 71 82 72 76 92 77 84 30 80 70 66 86 90 96 88 89 97 99 81 101 93 94 60 62 63 28 59 61 95 102 
88:88 89 
89:89 88 86 66 97 72 84 61 101 81 73 85 100 93 96 94 99 92 95 98 80 76 28 83 30 87 102 90 60 62 59 70 74 82 63 75 71 91 79 31 78 77 
90:90 70 99 91 100 63 98 59 66 62 60 96 93 73 97 102 94 84 86 95 101 89 61 81 30 72 88 79 80 87 92 74 75 83 82 28 71 76 31 78 77 
91:91 98 79 90 100 87 99 62 59 63 74 60 84 101 83 96 88 73 94 89 86 66 72 97 75 92 70 76 81 78 30 93 61 71 82 31 80 77 95 102 28 
92:92 75 73 31 83 82 74 72 98 96 97 94 89 71 84 78 76 87 91 79 88 77 100 70 66 30 86 90 81 80 101 99 93 60 62 59 63 61 28 95 102 
93:93 102 94 95 46 61 101 
94:94 95 102 101 61 93 46 
95:95 61 102 46 94 93 101 
96:96 97 94 73 81 95 102 93 92 61 46 86 101 84 89 100 66 88 99 98 60 62 87 83 59 63 74 72 91 90 79 75 78 28 30 70 71 76 82 80 31 77 
97:97 81 96 86 61 84 101 73 94 89 100 95 60 92 66 99 62 98 88 59 63 93 87 102 83 74 72 91 90 79 75 78 28 30 70 71 76 82 80 31 77 
98:98 87 91 100 83 79 62 74 59 99 63 60 84 101 90 96 73 94 97 75 86 93 95 61 66 30 81 102 92 89 72 70 76 82 71 88 31 78 80 77 28 
99:99 63 90 59 60 62 
100:100 98 62 83 91 99 101 59 63 87 90 60 61 84 86 79 81 74 89 73 88 97 72 66 96 75 92 95 94 70 76 78 30 71 82 80 93 31 102 77 28 
101:101 94 86 61 95 81 93 89 102 84 97 88 73 96 66 60 100 99 62 59 63 98 87 90 83 91 74 72 79 30 92 70 78 28 75 80 71 76 82 31 77 
102:102 46 93 94 95 61 101 
103:103 104 67 
104:104 103 69 67 
