40 8
73 71
32 13
54 47
13 8
64 58
86 76
91 74
14 11
67 30
100 73
37 35
41 12
55 10
92 72
58 52
82 72
9 3
38 34
85 72
26 11
71 68
23 3
73 72
55 19
98 87
84 79
88 66
58 50
21 10
50 9
5 2
100 99
12 3
17 11
97 73
73 31
56 19
91 75
54 23
68 65
38 35
11 10
14 9
47 27
27 11
90 72
1 0
84 72
77 76
100 62
24 12
18 12
82 73
24 20
41 9
36 34
12 6
41 27
84 60
27 3
52 9
79 75
5 4
75 73
49 9
46 8
3 0
97 96
13 3
96 84
68 64
88 72
86 73
85 7
72 49
54 40
11 8
83 76
100 86
12 10
94 84
84 73
76 71
23 8
102 93
22 8
12 11
77 31
30 4
80 66
19 10
66 64
84 82
40 13
99 63
92 73
99 59
102 46
6 1
57 49
26 14
47 46
97 86
37 34
3 1
40 26
45 40
42 13
24 9
33 8
78 31
39 38
80 72
94 73
99 62
43 35
18 3
25 3
104 69
74 71
79 71
47 13
37 10
26 3
7 2
42 40
7 5
40 27
75 74
37 8
89 84
40 24
20 3
74 31
87 84
33 23
40 35
90 70
10 6
97 66
51 9
86 66
18 6
77 75
57 48
16 3
54 27
47 11
28 4
67 64
73 30
83 71
11 9
97 81
47 42
14 3
77 71
93 66
75 72
25 6
53 26
39 10
17 13
42 39
27 9
47 41
20 9
92 75
9 8
26 8
98 91
98 73
104 67
91 72
75 70
93 73
100 84
42 8
72 70
47 9
86 72
76 31
85 66
82 76
22 6
85 65
45 9
89 88
103 67
48 20
101 61
58 51
100 83
74 73
5 0
75 30
86 81
99 84
26 24
39 34
57 56
45 11
77 19
88 74
82 31
75 31
41 40
78 74
95 61
96 73
47 12
58 49
99 66
2 0
47 23
10 3
96 94
44 13
14 12
4 2
53 40
21 3
33 10
99 60
99 30
14 7
84 30
38 12
62 60
24 8
104 103
41 36
80 71
89 72
76 49
79 30
60 59
5 1
77 30
74 66
99 73
21 11
89 66
57 13
82 75
14 8
86 30
45 26
82 71
69 51
12 9
77 58
23 21
33 32
100 91
99 90
43 8
71 7
35 10
94 93
50 11
63 62
79 72
95 73
