5 3
6 0
11 3
12 8
15 10
15 12
16 15
17 3
21 8
22 11
24 3
25 14
25 22
27 23
29 6
29 11
35 8
38 10
39 35
39 12
40 39
44 8
47 36
47 45
47 26
49 20
49 31
49 48
52 51
53 20
54 41
55 15
56 11
56 43
61 59
62 59
63 59
64 52
65 58
67 65
67 66
68 58
69 64
69 65
72 28
73 66
76 53
78 71
83 73
84 74
84 75
87 72
90 66
91 31
91 79
93 86
93 30
97 84
98 74
99 74
100 66
100 96
101 84
101 94
101 100
35 10
11 9
7 6
38 34
32 12
89 86
73 31
27 3
97 81
33 8
44 12
40 8
40 13
79 75
13 11
16 3
47 24
92 75
74 31
77 30
38 33
18 12
85 7
76 72
51 9
72 66
38 35
86 73
14 12
98 87
100 73
32 23
91 72
45 26
19 3
47 13
27 11
99 90
86 72
73 72
20 3
91 90
76 49
21 11
57 56
100 86
39 10
99 93
75 30
42 13
84 30
89 73
50 9
85 72
70 30
69 51
87 84
99 30
55 19
33 12
3 1
100 99
38 37
56 19
86 84
100 84
54 12
86 76
18 6
66 30
13 3
14 8
1 0
66 64
89 88
21 3
84 72
58 51
24 8
8 3
92 73
5 4
18 3
12 6
81 71
29 13
43 13
47 23
79 72
86 66
82 76
100 98
6 5
23 3
57 48
75 74
82 75
58 50
12 3
101 86
40 24
99 60
63 62
7 2
77 58
87 74
77 71
66 28
2 0
75 70
77 19
80 30
65 51
4 2
47 11
103 67
99 63
49 9
79 74
26 11
57 20
79 71
14 11
65 64
82 31
74 72
52 9
98 91
22 8
26 14
75 31
44 35
72 71
13 12
94 73
20 9
36 35
102 46
84 82
88 72
99 66
74 30
93 73
68 65
54 47
5 0
80 72
39 33
22 6
84 62
7 5
40 26
27 9
40 20
43 42
37 35
97 86
75 73
45 40
100 91
87 83
78 72
45 11
76 71
10 8
96 84
72 70
83 75
74 66
12 11
33 23
26 8
64 58
97 73
97 66
47 40
92 72
41 27
9 8
5 1
99 62
93 66
14 7
96 66
96 94
19 10
84 83
90 70
84 60
99 59
74 73
53 26
41 12
22 3
54 23
17 12
76 66
89 66
36 12
98 73
