1:1 13 22 6 8 7 14 4 12 2 3 17 18 20 5 11 
2:2 22 20 31 4 18 1 8 14 3 13 9 12 
3:3 29 28 8 14 4 2 1 10 22 13 20 18 12 
4:4 8 14 13 1 3 2 12 22 18 20 10 
5:5 11 7 6 17 
6:6 11 7 5 17 
7:7 17 5 6 11 
8:8 4 3 14 2 29 1 22 13 20 18 12 10 
9:9 31 33 19 16 21 23 30 34 24 27 15 10 28 32 26 29 25 3 
10:10 34 27 16 28 30 15 14 21 23 33 24 3 19 9 29 32 31 26 25 
11:11 5 6 7 17 
12:12 1 13 22 6 8 7 14 18 4 2 3 17 20 5 11 
13:13 4 8 14 1 3 2 22 12 18 20 10 
14:14 4 3 1 8 2 13 22 9 12 29 18 20 31 
15:15 34 27 10 16 28 30 14 32 21 33 29 24 25 3 26 19 23 9 31 
16:16 33 19 30 21 23 24 34 26 32 27 15 10 29 25 28 
17:17 7 6 11 5 
18:18 2 22 20 31 1 8 9 4 13 14 3 12 
19:19 33 16 30 21 23 24 34 26 32 27 15 10 29 25 28 
20:20 2 1 22 18 4 8 14 13 3 12 10 
21:21 33 19 16 30 24 9 23 34 31 27 15 10 28 32 26 29 25 3 
22:22 2 20 31 18 1 8 9 4 13 14 3 12 
23:23 33 19 16 30 24 9 21 34 31 27 15 10 28 32 26 29 25 3 
24:24 26 30 33 32 19 16 25 21 34 23 29 28 27 15 10 
25:25 26 28 24 30 32 29 34 27 33 10 16 19 21 23 15 
26:26 25 24 28 30 32 29 34 27 33 10 16 19 21 23 15 
27:27 30 24 34 33 28 10 16 15 26 21 32 19 25 23 29 
28:28 25 26 24 30 32 29 34 27 33 10 16 19 21 23 15 
29:29 32 26 25 
30:30 24 33 19 16 26 21 23 34 32 27 29 15 25 28 10 
31:31 9 33 19 16 21 23 30 34 24 27 15 10 28 32 26 29 25 3 
32:32 29 26 25 
33:33 19 16 30 24 9 34 31 21 23 27 15 10 28 32 26 29 25 3 
34:34 27 10 16 28 30 14 32 15 21 33 29 24 25 3 26 19 23 9 31 
