1 2 7 12 13 14 17 18 19 75 
1 2 6 8 10 11 13 15 17 19 20 34 
7 8 10 16 17 19 20 32 
8 11 15 16 19 60 88 96 
7 8 13 16 18 19 
2 9 11 13 14 15 19 
1 3 5 7 8 10 11 14 15 17 18 19 20 
2 3 4 5 7 9 10 13 17 18 
6 8 9 10 13 15 16 17 20 51 
2 3 7 8 9 13 14 15 60 89 94 
2 4 6 7 12 13 15 16 20 
1 11 13 14 17 18 20 48 78 
1 2 5 6 8 9 10 11 12 13 19 23 76 
1 6 7 10 12 15 16 17 18 30 
2 4 6 7 9 10 11 14 17 18 19 20 93 
3 4 5 9 11 14 16 17 18 20 72 
1 2 3 7 8 9 12 14 15 16 20 49 
1 5 7 8 12 14 15 16 18 19 20 39 
1 2 3 4 5 6 7 13 15 18 
2 3 7 9 11 12 15 16 17 18 68 
21 23 24 26 27 28 31 34 36 38 
23 27 28 29 33 35 39 40 58 
13 21 22 24 25 27 28 29 31 33 35 38 67 
21 23 24 26 29 31 32 33 34 36 38 39 40 
23 28 33 34 35 36 81 
21 24 26 27 28 31 32 34 35 38 
21 22 23 26 27 28 29 30 31 32 36 37 40 49 
21 22 23 25 26 27 28 29 30 31 33 35 36 37 39 58 
22 23 24 27 28 33 36 40 67 
14 27 28 30 31 32 33 34 35 36 38 39 
21 23 24 26 27 28 30 31 32 33 34 38 49 
3 24 26 27 30 31 33 35 37 38 
22 23 24 25 28 29 30 31 32 33 34 35 38 39 40 
2 21 24 25 26 30 31 33 34 35 37 38 61 100 
22 23 25 26 28 30 32 33 34 37 38 40 50 86 93 
21 24 25 27 28 29 30 36 37 38 39 40 
27 28 32 34 35 36 38 
21 23 24 26 30 31 32 33 34 35 36 37 38 73 
18 22 24 28 30 33 36 40 
22 24 27 29 33 35 36 39 40 70 98 
41 42 43 44 45 47 50 53 54 55 56 57 59 
41 44 45 46 47 50 51 52 55 60 100 
41 43 46 47 50 54 56 58 60 
41 42 44 45 46 47 48 49 50 53 54 55 56 57 59 98 
41 42 44 47 50 52 55 57 58 59 60 
42 43 44 48 51 53 59 
41 42 43 44 45 53 54 56 60 74 78 83 
12 44 46 48 49 50 52 53 54 56 58 
17 27 31 44 48 49 52 53 55 58 59 
35 41 42 43 44 45 48 51 53 54 55 58 59 
9 42 46 50 58 59 60 
42 45 48 49 54 55 57 59 60 62 79 
41 44 46 47 48 49 50 54 56 57 59 
41 43 44 47 48 50 52 53 55 56 60 
41 42 44 45 49 50 52 54 58 60 
41 43 44 47 48 53 54 56 59 73 
41 44 45 52 53 87 97 
22 28 43 45 48 49 50 51 55 58 
41 44 45 46 49 50 51 52 53 56 60 
4 10 42 43 45 47 51 52 54 55 59 
34 62 67 69 70 72 73 78 80 
52 61 62 63 64 65 66 68 69 71 74 77 79 80 
62 63 64 65 66 68 69 71 72 73 74 78 88 
62 63 64 65 66 68 70 71 72 73 74 
62 63 64 67 68 70 73 76 77 79 
62 63 64 66 67 68 69 70 71 72 73 75 76 77 79 80 
23 29 61 65 66 67 69 70 73 75 78 79 
20 62 63 64 65 66 70 72 73 74 80 91 
61 62 63 66 67 71 74 77 78 80 84 
40 61 64 65 66 67 68 70 71 73 77 79 80 85 
62 63 64 66 69 70 72 73 75 76 80 
16 61 63 64 66 68 71 73 75 76 79 
38 56 61 63 64 65 66 67 68 70 71 72 73 75 78 79 80 
47 62 63 64 68 69 74 76 78 
1 66 67 71 72 73 77 80 
13 65 66 71 72 74 76 79 
62 65 66 69 70 75 79 80 
12 47 61 63 67 69 73 74 79 
52 62 65 66 67 70 72 73 76 77 78 79 88 
61 62 66 68 69 70 71 73 75 77 80 
25 81 86 89 90 91 92 93 94 95 96 98 99 100 
82 83 84 85 86 87 88 90 92 93 96 97 99 100 
47 82 85 89 90 92 93 95 96 99 100 
69 82 84 85 86 87 89 90 91 93 94 95 96 97 98 100 
70 82 83 84 85 91 93 97 
35 81 82 84 87 88 89 90 91 92 94 96 98 99 
57 82 84 86 89 91 93 95 96 97 98 99 100 
4 63 79 82 86 88 89 91 92 93 97 100 
10 81 83 84 86 87 88 91 92 94 96 97 
81 82 83 84 86 92 93 97 99 100 
68 81 84 85 86 87 88 89 91 92 94 97 99 
81 82 83 86 88 89 90 91 96 98 100 
15 35 81 82 83 84 85 87 88 90 93 94 98 
10 81 84 86 89 91 93 97 98 99 
81 83 84 87 95 96 97 98 
4 81 82 83 84 86 87 89 92 95 98 99 
57 82 84 85 87 88 89 90 91 94 95 97 99 100 
40 44 81 84 86 87 92 93 94 95 96 99 
81 82 83 86 87 90 91 94 96 97 98 100 
34 42 81 82 83 84 87 88 90 92 97 99 
