2 3 4 7 11 12 14 15 17 19 20 23 25 26 28 30 34 37 39 91 
1 4 5 6 7 8 13 14 15 16 18 19 20 21 22 23 24 27 29 30 33 34 35 36 40 90 93 99 
1 3 4 7 11 12 13 14 15 16 17 18 20 25 27 33 35 37 40 
1 2 3 7 8 12 13 19 20 21 22 23 25 29 30 31 32 37 
2 5 6 7 9 10 12 13 14 15 16 17 18 19 20 21 22 23 25 28 30 31 33 37 38 39 40 70 
2 5 7 9 10 12 13 16 18 21 23 26 31 34 35 39 40 98 
1 2 3 4 5 6 7 8 9 10 11 12 13 16 20 22 23 26 27 28 33 35 38 72 
2 4 7 8 11 12 13 14 15 16 20 21 22 23 24 26 27 32 34 37 38 40 
5 6 7 10 11 12 13 15 16 18 19 21 22 24 26 27 30 31 33 35 37 38 39 40 79 98 
5 6 7 9 10 13 18 19 22 24 26 27 31 32 34 35 36 37 38 40 
1 3 7 8 9 12 13 14 15 18 22 24 26 27 29 34 36 38 39 40 
1 3 4 5 6 7 8 9 11 12 13 14 15 19 21 23 24 25 29 30 31 36 38 39 43 58 
2 3 4 5 6 7 8 9 10 11 12 13 14 15 16 18 20 22 23 26 27 29 33 35 36 37 38 
1 2 3 5 8 11 12 13 14 16 17 18 19 20 21 22 24 25 29 30 32 33 35 36 40 
1 2 3 5 8 9 11 12 13 15 19 22 23 24 25 27 28 29 36 45 
2 3 5 6 7 8 9 13 14 16 19 22 27 29 30 32 35 39 40 
1 3 5 14 25 27 28 29 35 38 40 
2 3 5 6 9 10 11 13 14 20 21 22 23 24 26 27 30 32 33 34 35 52 74 
1 2 4 5 9 10 12 14 15 16 21 22 23 25 27 28 30 31 34 36 38 55 
1 2 3 4 5 7 8 13 14 18 23 27 28 29 31 33 34 36 37 38 39 40 
2 4 5 6 8 9 12 14 18 19 21 22 26 27 29 31 35 36 37 39 67 72 
2 4 5 7 8 9 10 11 13 14 15 16 18 19 21 24 28 29 30 33 34 35 37 38 39 40 
1 2 4 5 6 7 8 12 13 15 18 19 20 23 25 26 27 28 29 30 35 37 
2 8 9 10 11 12 14 15 18 22 26 28 29 32 33 34 36 38 40 
1 3 4 5 12 14 15 17 19 23 26 27 30 33 35 37 
1 6 7 8 9 10 11 13 18 21 23 24 25 26 32 33 37 39 40 
2 3 7 8 9 10 11 13 15 16 17 18 19 20 21 23 25 28 29 31 32 33 34 35 36 38 40 
1 5 7 15 17 19 20 22 23 24 27 29 31 33 34 35 40 79 
2 4 11 12 13 14 15 16 17 20 21 22 23 24 27 28 30 31 36 38 39 
1 2 4 5 9 12 14 16 18 19 22 23 25 29 32 33 36 37 99 
4 5 6 9 10 12 19 20 21 27 28 29 31 32 35 36 39 40 82 
4 8 10 14 16 18 24 26 27 30 31 32 34 36 37 40 
2 3 5 7 9 13 14 18 20 22 24 25 26 27 28 30 34 35 37 38 39 50 63 
1 2 6 8 10 11 18 19 20 22 24 27 28 32 33 34 35 36 37 38 40 51 65 
2 3 6 7 9 10 13 14 16 17 18 21 22 23 25 27 28 31 33 34 39 40 41 
2 10 11 12 13 14 15 19 20 21 24 27 29 30 31 32 34 36 38 40 
1 3 4 5 8 9 10 13 20 21 22 23 25 26 30 32 33 34 37 39 
5 7 8 9 10 11 12 13 17 19 20 22 24 27 29 33 34 36 38 39 40 
1 5 6 9 11 12 16 20 21 22 26 29 31 33 35 37 38 40 49 
2 3 5 6 8 9 10 11 14 16 17 20 22 24 26 27 28 31 32 34 35 36 38 39 40 
35 42 45 46 48 49 50 51 53 55 57 59 63 67 68 77 86 
41 42 44 46 49 50 52 54 55 56 59 60 61 63 64 65 66 
12 43 47 49 51 53 55 57 58 60 61 64 65 66 68 70 
42 44 46 47 48 49 50 51 52 55 56 57 59 60 61 62 63 65 66 67 70 81 
15 41 46 49 50 51 53 55 56 58 61 62 63 64 65 70 
41 42 44 45 46 47 49 50 52 56 57 58 59 60 61 63 65 66 67 
43 44 46 48 52 53 54 55 61 62 63 64 65 67 70 
41 44 47 50 51 53 54 59 60 61 62 64 68 69 
39 41 42 43 44 45 46 50 53 54 55 56 57 58 59 61 63 66 68 83 
33 41 42 44 45 46 48 49 50 51 53 55 56 57 62 66 68 70 
34 41 43 44 45 48 50 52 53 57 58 61 62 63 64 65 66 67 69 
18 42 44 46 47 51 52 53 55 56 57 59 63 65 67 
41 43 45 47 48 49 50 51 52 53 55 57 60 61 63 66 68 69 
42 47 48 49 56 59 61 62 63 64 65 66 69 98 
19 41 42 43 44 45 47 49 50 52 53 55 57 58 60 62 64 66 67 81 
42 44 45 46 49 50 52 54 56 59 64 65 66 68 70 
41 43 44 46 49 50 51 52 53 55 61 62 64 65 
12 43 45 46 49 51 55 59 63 65 66 67 68 69 70 
41 42 44 46 48 49 52 54 56 58 61 62 63 64 65 68 70 72 
42 43 44 46 48 53 55 62 63 64 65 
42 43 44 45 46 47 48 49 51 53 54 57 59 62 66 67 
44 45 47 48 50 51 54 55 57 59 60 61 63 66 67 70 
33 41 42 44 45 46 47 49 51 52 53 54 58 59 60 62 63 66 68 
42 43 45 47 48 51 54 55 56 57 59 60 64 67 
34 42 43 44 45 46 47 51 52 54 56 57 58 59 60 65 66 70 76 
42 43 44 46 49 50 51 53 54 55 56 58 61 62 63 65 78 
21 41 44 46 47 51 52 55 58 61 62 64 67 68 69 
41 43 48 49 50 53 56 58 59 63 67 
48 51 53 54 58 67 69 70 
5 43 44 45 47 50 56 58 59 62 65 69 87 
71 72 76 78 82 83 85 87 88 92 94 97 99 
7 21 59 71 73 74 76 77 80 81 82 83 84 88 93 96 97 98 100 
72 73 77 79 80 84 86 89 93 97 98 99 100 
18 72 74 75 78 79 81 82 85 86 87 89 91 92 95 97 100 
74 77 79 80 83 84 86 87 88 89 90 91 92 93 95 99 100 
65 71 72 76 78 79 82 83 84 85 89 91 92 94 96 97 98 99 
41 72 73 75 80 81 83 86 87 88 90 91 93 95 97 98 
66 71 74 76 80 83 88 89 92 95 96 97 
9 28 73 74 75 76 79 82 84 88 89 90 94 96 
72 73 75 77 78 80 81 83 84 91 93 94 96 97 100 
44 55 72 74 77 80 83 84 86 87 91 92 94 96 97 99 100 
31 71 72 74 76 79 83 84 86 87 88 92 93 96 
49 71 72 75 76 77 78 80 81 82 83 89 90 91 93 94 95 97 99 
72 73 75 76 79 80 81 82 86 87 88 94 95 96 
71 74 76 86 87 88 89 91 92 97 98 
41 73 74 75 77 81 82 84 85 86 87 88 92 93 95 96 99 
70 71 74 75 77 81 82 84 85 86 87 88 93 94 96 98 100 
71 72 75 77 78 79 82 84 85 86 87 88 89 97 
73 74 75 76 78 79 83 85 88 90 91 92 94 95 97 
2 75 77 79 83 89 92 93 94 95 96 
1 74 75 76 77 80 81 83 85 89 93 97 98 
71 74 75 76 78 81 82 85 86 89 90 92 93 94 98 
2 72 73 75 77 80 82 83 86 87 90 91 92 93 96 97 98 100 
71 76 79 80 81 83 84 87 89 90 92 94 96 98 
74 75 77 78 83 84 86 89 90 95 98 99 100 
72 76 78 79 80 81 82 84 86 87 90 93 94 97 98 99 100 
71 72 73 74 76 77 78 80 81 83 85 88 89 91 93 96 97 99 
6 9 54 72 73 76 77 85 87 91 92 93 94 95 96 99 100 
2 30 71 73 75 76 81 83 86 95 96 97 98 100 
72 73 74 75 80 81 87 93 95 96 98 99 
