1:1 14 17 19 7 2 12 25 85 4 75 91 3 15 8 20 16 11 13 5 18 6 30 23 10 9 35 88 21 97 29 33 27 28 77 89 99 36 37 83 95 22 38 80 86 87 74 71 34 24 39 31 40 32 26 81 93 78 90 82 84 100 96 72 94 92 76 73 79 98 70
2:2 6 4 19 1 8 20 5 15 34 13 27 90 17 99 3 10 7 11 18 14 9 16 12 37 23 25 28 22 21 40 36 29 30 32 35 38 31 26 24 33 39 95
3:3 7 17 4 16 20 25 32 37 45 10 11 19 1 8 14 15 2 12 13 9 18 5 27 34 6 26 30 35 39 36 23 38 28 31 22 33 40 29 60 24 41 21 55
4:4 8 3 19 2 25 60 6 88 32 37 11 1 7 15 34 13 16 14 10 20 26 30 17 12 18 5 23 27 9 35 21 36 39 31 22 33 24 40 85 38 55 28 89 90 29 79
5:5 7 6 19 16 18 9 2 13 25 17 70 37 39 10 30 14 1 15 3 8 20 12 4 22 35 11 33 34 27 23 26 32 40 38 21 31 36 28 29 24 67
6:6 10 5 9 7 2 13 4 39 11 19 26 8 15 16 18 1 20 22 3 12 37 21 31 40 14 23 38 27 34 17 24 33 35 25 30 28 32 29 36
7:7 3 8 5 6 10 11 1 20 9 17 71 4 19 26 13 2 15 16 18 12 14 37 25 38 40 27 23 22 39 21 31 34 32 28 24 35 30 33 36 29
8:8 4 7 10 2 13 17 32 3 37 11 53 1 26 24 16 14 20 15 9 12 6 18 27 19 34 5 23 22 35 38 40 29 39 25 36 33 21 30 31 28 60
9:9 6 10 16 5 15 7 13 79 17 61 4 51 37 39 11 19 1 8 2 12 14 3 18 20 22 34 26 25 23 28 38 31 40 30 32 35 21 36 27 29 33 24
10:10 6 8 9 7 13 60 94 89 32 3 37 19 26 24 4 5 18 16 27 2 34 11 15 1 38 23 35 21 31 12 14 20 22 33 40 39 36 17 25 30 98 28 29
11:11 15 16 20 7 12 14 13 6 17 4 3 39 1 8 18 2 9 19 5 29 25 10 40 37 23 22 30 35 38 26 36 32 28 21 31 33 24 27 34
12:12 13 17 11 1 20 15 14 25 3 18 16 7 2 8 19 9 4 6 5 23 29 36 30 38 28 37 39 10 26 24 33 35 27 22 34 21 40 32 31 90
13:13 12 6 10 11 8 18 20 5 9 23 2 14 17 4 3 7 15 16 1 19 29 25 27 21 22 24 37 35 38 40 30 26 39 31 33 32 34 36 28 90
14:14 17 1 18 11 30 16 15 12 13 25 6 68 32 3 10 19 7 20 9 2 5 8 4 35 36 27 37 26 29 23 39 24 22 33 34 38 40 21 31 28 67
15:15 11 17 19 9 2 12 14 25 78 6 4 3 45 10 1 24 13 7 16 8 18 20 5 21 29 30 23 36 40 34 27 26 22 35 38 32 33 37 39 31 28 60
16:16 17 3 11 19 18 5 9 14 6 4 32 39 7 15 13 20 12 1 2 8 30 40 10 37 22 35 31 25 21 26 24 33 38 27 23 34 36 28 29
17:17 14 3 1 16 20 15 12 25 11 7 13 18 19 4 2 8 9 5 29 30 6 39 36 23 28 35 37 40 27 24 32 33 38 22 34 31 10 21 26 90
18:18 14 19 16 20 5 13 6 74 52 32 3 39 10 11 1 26 7 2 12 9 17 15 37 8 4 40 34 30 22 35 31 27 24 33 38 25 36 23 21 29 28 78
19:19 4 1 16 18 5 15 2 25 6 3 10 7 14 13 9 8 17 11 20 12 30 23 21 34 22 35 37 27 32 39 26 33 28 40 31 36 38 24 29
20:20 17 3 11 18 7 2 12 13 68 4 83 37 39 1 29 14 8 15 16 5 6 19 9 23 27 22 30 33 10 34 36 25 26 24 28 32 38 40 35 21 31 90
21:21 26 24 31 36 23 27 25 6 4 67 37 39 19 72 29 28 32 40 30 38 34 22 33 2 15 9 35 10 12 5 13 8 11 18 1 16 20 7 3 14 17
22:22 28 39 29 30 23 33 35 40 27 31 24 25 38 36 32 37 34 26 21 2 16 18 20 17 5 9 6 11 19 14 13 4 15 8 12 7 10 1 3 90
23:23 29 28 27 25 24 21 22 35 13 6 4 67 37 19 26 33 2 30 31 34 36 15 5 9 32 38 39 8 40 10 18 12 16 3 7 11 14 1 20 17 69
24:24 29 32 26 21 36 23 33 38 40 34 39 10 31 27 37 35 22 28 30 25 6 8 11 18 2 9 20 14 5 13 19 12 15 4 3 67 7 16 1 17
25:25 30 23 33 35 17 4 3 37 19 1 26 28 32 27 14 34 22 7 2 38 13 16 8 21 31 12 39 18 20 15 9 29 5 6 24 36 11 40 10
26:26 32 37 24 21 27 25 6 76 39 54 10 11 1 28 34 23 31 36 22 35 40 9 29 33 15 30 7 14 8 18 13 38 2 19 12 4 3 5 17 20 16 60
27:27 29 28 23 32 26 30 21 31 36 22 40 2 25 17 3 37 10 24 35 33 34 39 38 4 19 8 20 15 14 5 13 1 6 16 7 9 11 18 12 90
28:28 23 22 27 29 31 33 35 25 79 17 58 37 39 30 40 38 21 34 26 24 32 36 20 5 9 3 1 15 13 16 4 2 12 14 19 49 7 18 10 11 6 8 60
29:29 24 23 27 30 28 36 22 17 4 67 39 11 16 40 21 15 33 32 38 31 20 2 14 25 19 12 35 37 8 26 9 13 3 18 34 1 7 5 6 10
30:30 25 32 29 36 22 33 14 27 46 4 99 37 39 19 28 23 38 31 34 24 35 40 21 2 16 18 1 26 3 15 11 5 13 8 12 20 10 9 17 6 7 60
31:31 32 39 28 21 33 38 40 27 6 82 4 37 10 19 36 22 35 34 26 24 23 30 9 5 29 8 2 25 3 7 18 20 13 16 15 14 11 1 12 17 90
32:32 37 26 24 30 31 36 35 34 27 33 38 28 21 40 39 25 29 23 10 22 18 2 9 8 6 11 19 4 3 14 20 1 13 7 15 5 16 17 12 90
33:33 35 38 25 39 24 30 28 31 22 34 32 3 37 50 26 27 40 36 23 21 29 10 18 4 5 9 19 1 20 14 17 8 11 7 6 16 2 12 45 13 15 58
34:34 37 35 32 24 36 33 38 2 25 30 40 26 39 31 27 21 23 28 10 29 22 8 3 14 20 19 5 4 18 11 6 13 7 16 15 9 1 17 12 90
35:35 33 34 25 32 28 23 22 38 40 6 17 3 37 39 10 27 31 26 24 36 30 5 7 29 20 14 9 13 8 21 2 16 19 18 1 4 11 15 12 90
36:36 38 40 32 24 29 30 21 34 27 25 79 37 39 33 31 26 28 35 23 22 10 11 2 14 9 8 19 20 5 4 17 18 12 16 3 6 1 15 13 7
37:37 32 34 39 26 25 90 4 3 10 1 30 28 8 35 33 27 22 7 31 2 36 19 23 24 40 21 14 18 20 17 9 38 11 6 5 13 16 12 15 29 79
38:38 36 33 24 31 35 40 34 17 32 37 39 10 11 19 26 27 28 22 21 30 25 9 29 14 6 20 3 8 18 5 2 16 13 1 15 23 7 12 4 90
39:39 40 37 31 22 33 6 32 11 1 26 49 24 29 27 34 28 38 36 35 23 30 9 21 14 10 4 2 18 20 13 16 7 8 12 5 15 17 25 3 19 58
40:40 39 36 24 98 31 22 35 38 27 6 17 70 32 3 33 34 29 28 26 21 37 10 30 9 23 16 14 11 2 20 7 5 25 8 12 18 19 15 13 4 1
41:41 45 57 43 48 47 42 50 53 55 59 63 44 49 46 60 52 51 56 54 58 68 64 61 62 65 66 70 69 67 78
42:42 60 46 52 50 49 55 41 44 100 56 43 45 59 57 48 53 47 54 58 51 63 65 66 68 61 64 67 62 70 69
43:43 60 47 58 50 41 46 56 57 68 64 61 45 53 48 59 44 42 51 54 55 67 65 49 62 63 70 66 52 69 78
44:44 50 49 46 56 57 48 47 42 45 55 59 41 90 60 43 53 52 54 58 51 61 64 65 68 63 62 70 66 67 69
45:45 50 41 47 58 55 44 60 46 56 57 64 52 42 59 43 53 48 54 51 49 65 62 63 70 67 68 66 61 74 69 78
46:46 47 42 59 44 60 56 57 43 48 52 61 51 54 53 41 50 49 55 45 65 58 64 62 67 63 70 68 66 69 78
47:47 46 43 48 45 54 53 41 44 60 78 56 50 57 55 59 42 49 52 51 61 58 63 65 64 68 66 69 62 70 67 74
48:48 56 47 54 50 53 49 41 44 45 59 57 43 55 42 46 52 51 60 68 61 58 63 66 62 69 64 70 65 67 78
49:49 44 48 42 58 53 55 59 46 56 57 68 17 43 50 41 52 60 51 54 47 45 66 61 64 63 65 70 67 69 62 78
50:50 45 44 43 48 42 51 53 55 41 46 56 47 49 57 59 60 58 52 54 61 64 66 63 68 65 62 70 67 69 78
51:51 58 57 50 53 59 69 60 46 43 48 64 52 61 54 55 45 44 49 42 41 56 62 47 67 65 68 66 70 63 78
52:52 57 55 42 54 59 60 46 56 44 53 49 41 47 51 45 50 43 48 58 65 64 62 61 63 66 68 67 69 70
53:53 57 48 47 51 50 49 55 41 69 60 46 56 44 45 54 43 59 42 52 58 63 61 67 68 66 62 64 65 70 78
54:54 60 56 48 47 52 59 69 57 43 64 61 42 51 53 46 44 41 55 62 65 58 50 49 45 67 70 63 68 66 78
55:55 60 52 42 58 45 50 53 49 41 44 57 59 51 43 46 48 54 47 56 63 65 61 62 68 64 66 67 70 69 78
56:56 48 54 59 44 46 57 68 43 64 47 52 41 53 60 49 50 42 51 65 55 45 62 61 58 63 70 66 67 69 78
57:57 52 53 51 41 44 60 46 56 43 64 61 59 47 42 48 55 45 54 50 49 65 62 67 58 63 66 68 70 69 78
58:58 51 43 45 49 55 59 69 60 85 46 56 68 50 53 44 42 41 54 48 52 63 57 65 66 47 64 70 67 61 62 74
59:59 46 56 68 52 51 58 54 49 41 44 60 57 48 53 50 55 42 45 43 47 63 65 64 61 62 67 66 69 70 78
60:60 55 43 42 54 46 57 48 64 47 52 53 41 44 56 59 50 49 51 45 65 62 61 58 63 66 67 68 70 69 78
61:61 67 62 69 78 46 57 43 48 64 47 70 92 42 51 66 65 44 53 60 41 54 50 52 59 58 45 56 68 63 74 49 55 73 79 71 80 76 77 72 85 90 75 95 100 98 89 91 88 83 82 81 94 86 84 87 96 97 99 93
62:62 61 66 64 65 63 69 60 57 68 74 79 48 71 77 70 67 54 80 51 73 53 52 72 78 47 59 76 43 46 56 44 42 58 75 41 45 49 55 50 88 83 100 85 91 90 94 97 84 89 92 82 95 98 86 87 99 81 93 96 25
63:63 68 69 65 62 41 66 60 78 46 74 88 64 71 47 67 70 43 42 45 54 48 61 59 53 72 80 51 76 55 79 44 73 56 57 77 58 52 50 75 89 85 49 83 97 91 87 84 92 86 82 94 100 90 81 95 98 93 96 99 25
64:64 68 70 62 66 60 56 57 74 43 48 71 47 54 53 65 63 44 61 69 50 59 41 46 55 52 51 58 45 67 42 78 49 72 80 73 79 76 77 75 88 83 85 97 94 100 91 90 82 98 84 89 92 95 81 86 87 99 96 17 93 25
65:65 70 76 62 63 69 60 46 56 57 68 79 43 64 77 47 66 54 67 52 59 44 53 61 41 45 48 71 42 51 58 73 74 80 50 55 72 78 49 75 88 83 100 85 91 90 94 97 84 89 92 82 95 98 86 87 99 81 93 96 25
66:66 62 69 68 64 70 63 78 46 56 79 43 71 77 61 75 42 67 65 80 73 47 72 59 74 54 50 60 51 58 41 44 76 48 49 52 45 53 88 57 55 85 89 83 100 97 91 82 84 92 90 94 86 87 95 98 99 81 93 96 25
67:67 69 61 68 70 78 46 79 64 47 52 75 51 66 62 65 59 63 73 48 74 53 57 43 80 77 42 58 45 54 44 56 72 71 60 55 41 76 50 88 49 85 89 83 100 97 91 82 84 92 90 94 86 87 95 98 99 81 93 96 25
68:68 63 64 67 59 66 69 56 74 43 48 70 58 62 65 51 54 49 47 61 46 41 50 53 60 78 44 73 45 55 52 42 71 72 57 80 79 76 77 75 85 100 88 83 92 90 82 97 94 95 98 89 91 86 87 84 99 17 81 96 93
69:69 67 70 63 66 78 68 74 62 64 65 61 73 80 58 79 47 71 72 51 75 76 46 53 56 43 59 77 41 85 54 50 95 49 48 88 52 44 45 57 42 55 60 83 97 89 84 91 86 100 92 87 82 98 94 90 99 93 96 81 25
70:70 69 64 67 65 66 85 56 68 79 43 71 77 47 62 63 73 61 58 80 54 76 46 48 72 75 41 78 53 74 88 60 52 59 44 42 51 45 50 83 57 55 49 89 97 91 82 100 92 90 86 87 84 94 95 81 93 99 98 96 25
71:71 76 72 80 69 85 78 94 79 88 64 77 82 70 73 75 84 66 74 83 97 87 89 96 65 86 92 67 62 91 93 68 61 98 63 100 81 90 99 95 47 57 51 58 54 56 59 43 46 60 52 42 48 45 44 49 53 25 41 55 50 4
72:72 71 76 73 75 80 78 100 68 74 79 88 64 77 82 66 84 97 83 89 92 87 63 93 70 86 69 65 96 85 62 91 99 94 95 67 90 61 81 98 47 57 51 58 54 56 59 43 46 60 52 42 48 45 44 49 53 25 41 55 50 4
73:73 72 80 78 79 77 75 94 100 56 68 74 64 71 76 66 70 88 63 83 95 97 84 62 69 89 67 93 96 65 90 81 87 98 91 92 99 61 82 59 86 85 54 47 57 51 58 46 52 44 48 42 43 49 45 60 41 53 50 55 25
74:74 78 69 85 95 100 68 79 64 82 47 75 89 91 88 83 84 97 87 92 73 67 76 80 96 81 72 86 63 77 70 99 66 71 93 90 62 94 98 65 61 54 56 58 43 48 46 60 52 57 51 41 45 59 53 42 44 55 25 49 50 4
75:75 77 80 72 73 90 78 95 100 74 79 88 71 89 76 97 83 84 92 87 86 94 93 81 82 91 99 96 69 66 85 98 70
76:76 71 72 78 79 65 85 94 74 82 99 75 89 73 83 88 97 80 92 84 96 86 87 91 81 77 95 100 98 90 93 69
77:77 75 80 79 73 69 90 95 88 71 52 70 91 72 97 78 89 84 86 67 83 66 87 99 93 76 65 94 100 74 92 85 62 81 68 98 82 63 57 61 64 96 47 51 54 59 56 46 60 53 42 58 43 44 55 45 48 49 41 50 25
78:78 74 76 80 73 69 95 79 88 71 47 61 75 72 77 67 89 97 84 66 62 70 92 83 65 100 63 94 86 82 91 99 85 87 64 48 68 90 93 96 81 98 54 56 46 51 58 43 60 52 59 57 53 41 45 44 42 49 50 55 25
79:79 88 77 76 73 90 78 94 74 71 82 72 80 75 89 86 92 97 84 83 87 93 96 85 100 99 81 95 98 69 91 70
80:80 77 75 73 78 71 72 69 100 94 68 74 76 79 66 63 67 83 97 95 84 70 93 88 81 64 87 98 89 91 92 99 96 62 90 61 86 65 82 85 47 57 51 54 56 59 58 43 46 60 52 42 48 45 44 49 53 25 41 55 50 4
81:81 90 94 100 89 91 92 99 83 84 86 87 96 95 98 82 93 97 85 88 75 76 74 71 77 80 79 78 73 72 69
82:82 84 88 92 83 86 87 96 93 90 85 100 81 89 98 99 95 97 94 91 75 71 74 79 77 72 76 78 80 73 69
83:83 90 85 95 82 99 89 93 81 78 100 94 71 97 92 96 87 84 86 98 91 88 76 74 75 72 80 73 79 77 69
84:84 82 86 94 95 89 87 96 81 69 90 85 100 92 83 93 99 98 88 97 91 74 75 79 71 77 76 80 78 72 70 73 66
85:85 88 91 83 86 87 97 74 71 82 89 99 84 93 81 92 96 76 95 90 78 100 77 72 75 94 79 80 98 73
86:86 84 87 90 85 88 82 99 92 96 81 94 95 89 98 100 93 97 83 91 71 75 74 79 76 77 78 72 80 73
87:87 86 85 100 88 82 89 84 98 96 93 81 90 92 94 97 91 99 95 83 75 74 79 77 72 76 71 73 78 80 69
88:88 89 85 79 82 86 87 97 78 100 71 84 96 74 92 76 91 99 83 93 81 90 94 95 72 73 75 77 80 98 69
89:89 88 94 91 92 83 84 87 97 81 90 85 86 96 82 95 93 99 98 100 75 76 74 71 77 79 78 80 72 73
90:90 92 83 86 93 81 100 94 95 79 77 82 96 84 99 87 98 89 75 88 97 85 91 74 71 80 73 72 76 78 69
91:91 97 85 99 89 98 81 57 94 95 68 74 88 87 92 96 86 83 84 100 93 90 78 76 82 77 75 73 79 71 72 80 69
92:92 98 90 82 89 86 96 81 85 78 100 94 87 84 83 93 99 95 88 91 97 74 76 79 71 75 73 72 80 77 69
93:93 98 90 100 82 83 87 96 97 85 94 95 88 77 99 84 86 81 92 89 91 75 79 71 72 80 76 74 78 73 69
94:94 98 89 84 96 81 90 100 95 79 71 99 87 92 86 83 97 93 91 82 76 88 72 75 73 77 85 80 78 74 69
95:95 100 99 83 84 98 97 90 78 94 74 77 96 81 93 91 87 89 92 86 75 80 82 73 76 85 79 72 88 71 69
96:96 98 94 100 82 92 99 84 86 87 93 97 81 90 95 91 89 83 85 88 75 76 74 71 77 72 73 80 79 78 69
97:97 91 99 85 95 88 89 93 96 90 78 94 100 83 87 98 81 92 84 86 82 74 75 76 79 80 73 71 77 72 69
98:98 94 92 96 93 95 99 91 87 40 85 100 81 97 86 83 84 90 82 89 88 75 76 74 71 77 80 78 73 72 79
99:99 97 100 95 91 83 98 86 96 81 90 94 93 92 87 84 89 85 82 77 75 76 74 88 80 71 78 72 73 79 69
100:100 95 99 87 96 93 81 90 94 74 88 82 86 84 97 98 92 83 89 91 85 75 79 78 77 72 71 80 76 73 69
