40 38
40 39
40 40
71 71
72 71
73 72
73 73
74 72
74 74
75 74
76 71
76 72
76 76
77 72
77 73
77 75
78 71
78 74
78 76
79 73
79 74
79 75
79 76
79 79
80 72
80 73
80 75
80 77
80 78
80 80
81 72
81 74
81 77
81 80
82 71
82 72
82 74
82 76
82 79
83 71
83 72
83 75
83 76
83 77
83 78
83 80
83 81
83 82
83 83
84 72
84 73
84 75
84 76
84 79
84 80
84 81
84 82
85 71
85 74
85 76
86 73
86 74
2 1
3 1
3 3
4 1
4 2
4 3
5 2
5 5
6 2
6 5
7 1
7 2
7 3
7 4
7 5
7 6
7 7
54 47
54 48
54 49
55 41
55 42
55 43
55 44
55 45
55 47
55 49
55 50
55 52
55 53
55 55
56 42
56 44
56 45
56 46
56 49
56 50
56 52
56 54
56 56
57 41
57 43
57 44
57 46
57 49
57 50
57 51
57 52
27 25
57 53
57 55
58 43
58 45
58 46
58 49
58 51
58 55
59 41
59 42
59 44
59 46
59 48
59 49
59 52
59 54
59 56
59 58
60 42
60 43
60 44
60 46
60 48
60 53
60 55
61 42
61 43
61 44
61 45
61 46
61 47
61 48
61 49
61 51
61 53
61 54
61 57
61 59
62 44
62 45
62 47
62 48
62 50
62 51
62 54
62 55
62 57
62 59
62 60
62 61
63 41
63 42
63 44
63 45
63 46
63 47
63 49
63 51
63 52
63 53
63 54
63 58
63 59
63 60
63 62
63 63
64 42
64 43
64 45
64 47
64 48
64 51
64 54
64 55
64 56
64 57
64 59
64 60
64 64
65 42
65 43
65 44
65 45
65 46
65 47
65 51
65 52
65 54
65 56
65 57
65 58
65 59
65 60
65 65
66 42
66 43
66 44
66 46
66 49
66 50
66 51
66 53
66 54
66 55
66 56
66 58
66 61
66 62
66 63
66 65
67 41
67 44
67 46
67 47
67 51
67 52
67 55
67 58
67 61
67 62
67 64
67 67
68 41
68 43
68 48
68 49
68 50
68 53
68 56
68 58
68 59
68 63
68 67
69 48
69 51
69 53
69 54
69 58
69 67
69 69
70 43
70 44
70 45
70 47
70 50
70 56
70 58
70 59
70 62
70 65
70 69
9 98
18 74
30 99
2 90
2 99
2 93
7 72
21 72
9 79
31 82
1 91
28 79
6 98
5 70
19 55
12 58
15 45
34 65
21 67
33 50
12 43
39 49
33 63
18 52
34 51
35 41
81 44
78 66
72 59
77 41
87 70
86 41
81 55
98 54
83 49
76 65
34 8
34 10
34 11
34 18
34 19
34 20
34 22
34 24
34 27
34 28
34 32
34 33
34 34
35 2
35 3
35 6
35 7
35 9
35 10
35 13
35 14
35 16
35 17
35 18
35 21
35 22
35 23
35 25
35 27
35 28
35 31
35 33
35 34
36 2
36 10
36 11
36 12
36 13
36 14
36 15
36 19
36 20
36 21
36 24
36 27
36 29
36 30
36 31
36 32
36 34
36 36
37 1
37 3
37 4
37 5
37 8
37 9
37 10
37 13
37 20
37 21
8 2
8 4
8 7
8 8
9 5
9 6
9 7
10 5
10 6
10 7
10 9
10 10
11 1
11 3
11 7
11 8
11 9
12 1
12 3
12 4
12 5
12 6
12 7
12 8
12 9
12 11
12 12
13 2
13 3
13 4
13 5
13 6
13 7
13 8
13 9
13 10
13 11
13 12
13 13
14 1
14 2
14 3
14 5
14 8
14 11
14 12
14 13
14 14
15 1
15 2
15 3
15 5
15 8
15 9
15 11
15 12
15 13
15 15
16 2
16 3
16 5
16 6
16 7
16 8
16 9
16 13
16 14
16 16
17 1
17 3
17 5
17 14
18 2
18 3
18 5
18 6
18 9
18 10
18 11
18 13
18 14
19 1
19 2
19 4
19 5
19 9
19 10
19 12
19 14
19 15
19 16
20 1
20 2
20 3
20 4
20 5
20 7
20 8
20 13
20 14
20 18
21 2
21 4
21 5
25 23
26 1
26 6
26 7
26 8
26 9
26 10
26 11
26 13
26 18
26 21
26 23
26 24
26 25
26 26
27 2
27 3
27 7
27 8
27 9
27 10
27 11
27 13
27 15
27 16
27 17
27 18
27 19
27 20
27 21
27 23
28 1
28 5
28 7
28 15
28 17
28 19
28 20
28 22
28 23
28 24
28 27
29 2
29 4
29 11
29 12
29 13
29 14
29 15
29 16
29 17
29 20
29 21
29 22
29 23
29 24
29 27
29 28
37 22
37 23
37 25
37 26
37 30
37 32
37 33
37 34
37 37
38 5
38 7
38 8
38 9
38 10
38 11
38 12
38 13
38 17
38 19
38 20
38 22
38 24
38 27
38 29
38 33
38 34
38 36
38 38
39 1
39 5
39 6
39 9
39 11
39 12
39 16
39 20
39 21
39 22
39 26
39 29
39 31
39 33
39 35
39 37
39 38
40 2
40 3
40 5
40 6
40 8
40 9
40 10
40 11
40 14
40 16
40 17
40 20
40 22
40 24
40 26
40 27
40 28
40 31
40 32
40 34
40 35
40 36
93 72
93 73
93 75
93 77
93 80
93 82
93 83
93 86
93 87
93 90
93 91
93 92
93 93
94 71
94 76
94 79
94 80
94 81
94 83
94 84
94 87
94 89
94 90
94 92
94 94
95 74
95 75
95 77
95 78
95 83
95 84
95 86
95 89
95 90
95 95
96 72
96 76
96 78
96 79
96 80
96 81
96 82
96 84
96 86
96 87
96 90
96 93
96 94
97 71
97 72
97 73
97 74
97 76
97 77
97 78
97 80
97 81
97 83
97 85
97 88
97 89
97 91
97 93
97 96
97 97
98 72
98 73
98 76
98 77
98 85
98 87
98 91
98 92
98 93
98 94
98 95
98 96
99 71
21 6
21 8
21 9
21 12
21 14
21 18
21 19
21 21
22 2
22 4
22 5
22 7
22 8
22 9
22 10
22 11
22 13
22 14
22 15
22 16
22 18
22 19
22 21
23 1
23 2
23 4
23 5
23 6
23 7
23 8
23 12
23 13
23 15
23 18
23 19
23 20
23 23
24 2
24 8
24 9
24 10
24 11
24 12
24 14
24 15
24 18
24 22
25 1
25 3
25 4
25 5
25 12
25 14
25 15
25 17
25 19
86 75
86 77
86 81
86 82
86 84
86 85
86 86
87 71
87 74
87 75
87 77
87 81
87 82
87 84
87 85
87 86
87 87
88 71
88 72
88 75
88 77
88 78
88 79
88 82
88 84
88 85
88 86
88 87
88 88
89 73
89 74
89 75
89 76
89 78
89 79
89 83
89 85
89 88
90 75
90 77
90 79
90 83
90 89
91 74
91 75
91 76
91 77
91 80
91 81
91 83
91 85
91 89
92 71
92 74
92 75
92 76
92 78
92 81
92 82
92 85
92 86
92 89
92 90
92 92
30 1
30 2
30 4
30 5
30 9
30 12
30 14
30 16
30 18
30 19
30 22
30 23
30 25
30 29
31 4
31 5
31 6
31 9
31 10
31 12
31 19
31 20
31 21
31 27
31 28
31 29
31 31
32 4
32 8
32 10
32 14
32 16
32 18
32 24
32 26
32 27
32 30
32 31
32 32
33 2
33 3
33 5
33 7
33 9
33 13
33 14
33 18
33 20
33 22
33 24
33 25
33 26
33 27
33 28
33 30
34 1
34 2
34 6
99 73
99 75
99 76
99 81
99 83
99 86
99 95
99 96
99 97
99 98
100 72
100 73
100 74
100 75
100 80
100 81
100 87
100 93
100 95
100 96
100 98
100 99
42 41
42 42
43 43
44 42
44 44
45 41
46 41
46 42
46 44
46 45
46 46
47 43
47 44
47 46
48 41
48 44
48 47
49 41
49 42
49 43
49 44
49 45
49 46
50 41
50 42
50 44
50 45
50 46
50 48
50 49
50 50
51 41
51 43
51 44
51 45
51 48
51 50
52 42
52 44
52 46
52 47
52 51
52 52
53 41
53 43
53 45
53 47
53 48
53 49
53 50
53 51
53 52
53 53
54 42
