98 77
110 24
94 55
27 26
13 12
95 27
103 33
39 32
110 49
100 15
4 0
98 10
112 66
104 67
44 19
63 27
99 31
57 48
51 40
103 25
100 82
101 79
108 78
82 77
21 8
65 27
78 23
109 103
85 31
84 3
86 44
109 79
47 32
62 56
39 38
94 79
111 78
85 38
60 10
103 1
64 32
97 58
89 55
96 87
22 21
75 48
83 53
90 0
94 35
106 39
80 79
79 19
105 89
74 73
41 23
92 66
68 22
75 44
104 23
22 8
105 33
74 2
81 40
61 43
91 66
68 21
53 46
94 34
11 3
75 66
9 4
53 49
17 12
101 19
33 25
113 65
78 7
100 32
91 29
78 8
83 46
93 23
105 1
32 21
93 41
42 29
107 40
100 6
98 40
90 8
94 82
73 53
60 59
111 23
94 29
56 27
82 80
100 47
87 86
109 105
99 61
79 30
111 8
41 4
84 24
114 58
95 62
101 30
85 43
88 67
96 56
6 2
23 16
39 13
99 85
58 6
109 45
88 73
38 18
64 60
42 18
100 39
16 9
32 13
19 18
29 19
99 34
34 12
38 14
107 5
112 92
52 5
65 20
58 17
84 49
113 96
114 73
32 6
65 0
91 44
114 104
102 72
61 34
112 63
50 11
17 16
76 59
72 40
23 0
30 19
87 56
105 45
81 3
33 1
61 31
36 18
86 53
76 70
70 62
62 17
69 11
45 25
43 26
75 57
81 72
75 20
76 62
72 52
94 19
35 19
113 95
64 9
51 22
108 4
54 14
33 19
93 91
113 17
38 12
91 57
35 29
68 50
42 34
95 87
65 63
87 65
95 56
99 71
85 14
100 13
98 97
43 31
72 2
95 76
50 28
9 8
91 48
88 49
103 70
65 17
67 41
69 28
52 3
84 74
105 80
106 32
111 21
112 44
77 51
113 28
111 108
10 5
70 69
55 31
102 3
52 40
70 43
58 3
96 17
112 97
109 30
91 86
102 40
66 65
101 55
1 0
15 13
97 59
60 6
33 0
68 15
54 34
41 9
89 88
38 16
80 29
86 66
105 25
107 84
107 88
64 63
81 5
45 1
40 7
108 51
99 54
77 21
106 15
44 35
104 93
62 61
70 20
42 26
86 48
31 18
68 7
68 51
90 23
50 24
53 52
72 10
105 62
74 72
60 47
23 22
96 48
79 55
35 30
72 3
74 40
93 82
100 2
71 31
105 37
80 37
28 11
21 20
49 46
5 4
95 37
114 15
108 7
41 16
61 18
112 57
82 81
98 52
3 2
101 1
106 13
23 4
83 49
102 100
103 37
107 10
20 17
114 53
88 58
73 67
114 110
70 27
98 48
18 12
47 22
108 68
57 44
96 27
71 38
70 65
109 25
86 80
87 62
41 40
78 50
63 58
23 9
83 67
61 47
107 81
85 80
16 4
93 9
68 67
61 26
99 18
55 30
59 58
95 69
37 33
25 1
16 0
102 10
64 13
38 26
83 73
82 7
108 9
67 53
110 83
66 59
114 49
91 80
104 4
68 8
82 39
36 19
111 51
71 14
43 42
103 102
25 24
43 14
63 42
102 74
96 65
91 69
40 3
87 20
110 13
89 33
84 5
69 4
27 17
110 80
14 2
43 12
53 25
97 11
