0:0 33 90 93 16 23 104 4 41 9 
1:1 101 89 105 25 33 103 109 37 45 
2:2 106 14 72 47 64 100 6 32 15 60 13 39 
3:3 11 58 52 81 5 84 10 98 74 107 97 40 102 72 
4:4 41 108 93 16 28 23 9 0 104 90 
5:5 90 10 107 81 98 84 72 11 3 102 52 74 40 97 
6:6 85 106 60 32 39 47 13 64 15 100 2 
7:7 77 82 8 111 40 78 51 108 21 68 22 
8:8 90 77 21 9 68 7 111 22 108 78 51 50 23 
9:9 108 93 16 8 64 4 41 0 104 23 111 22 78 51 21 77 7 68 
10:10 11 102 107 5 98 81 84 97 40 52 3 72 74 
11:11 50 10 24 28 90 69 5 84 107 3 81 98 74 72 52 102 40 97 
12:12 14 43 34 38 26 54 85 71 42 18 99 31 61 36 
13:13 12 106 45 32 39 15 100 6 64 60 47 2 
14:14 12 26 99 43 54 85 38 34 61 31 71 18 42 36 
15:15 106 60 114 68 13 39 32 2 64 47 100 6 
16:16 41 9 38 0 17 4 93 23 104 
17:17 113 12 96 20 65 87 76 27 56 70 95 62 
18:18 36 42 71 99 61 34 54 31 26 43 14 38 12 85 
19:19 36 33 101 44 29 94 30 35 79 55 
20:20 21 87 76 17 65 113 96 70 95 62 27 56 
21:21 22 20 68 46 8 111 51 7 78 77 108 
22:22 108 21 78 77 51 111 68 8 7 
23:23 41 93 111 0 78 4 16 104 9 108 8 22 51 7 77 68 21 
24:24 11 87 110 69 28 50 90 95 88 83 49 113 67 114 46 73 53 
25:25 103 24 45 1 37 105 33 109 89 
26:26 42 85 61 14 38 43 54 12 34 18 71 99 31 36 
27:27 63 56 96 26 95 76 62 65 70 17 42 113 87 20 
28:28 113 50 90 11 69 24 
29:29 42 35 101 19 91 30 94 79 44 55 80 82 57 86 48 75 92 66 112 
30:30 50 35 101 109 44 29 19 79 94 55 
31:31 85 71 99 43 54 55 14 18 61 38 34 26 12 42 36 
32:32 106 47 13 64 100 6 39 2 60 15 
33:33 37 105 89 103 45 25 109 1 
34:34 42 71 12 61 94 54 18 26 38 31 99 14 85 43 36 
35:35 29 94 79 30 101 19 55 
36:36 58 43 37 19 33 18 101 12 59 79 97 42 103 14 29 26 94 63 34 105 31 30 109 1 38 25 35 89 45 55 85 54 99 71 61 80 
37:37 36 33 103 45 105 25 89 109 1 
38:38 85 71 12 26 14 43 34 18 31 54 99 61 42 36 
39:39 82 47 38 13 100 6 32 64 60 15 2 106 
40:40 41 51 52 102 7 107 98 72 74 3 8 10 111 81 84 5 77 78 108 21 68 22 23 9 4 16 104 93 0 90 11 50 28 24 69 82 
41:41 16 23 40 4 9 93 0 104 
42:42 63 57 26 43 14 85 112 27 61 38 12 34 31 99 92 70 54 18 71 36 
43:43 36 42 12 14 26 18 34 61 38 85 54 71 99 31 
44:44 57 86 19 91 30 35 29 48 66 94 79 112 92 101 75 55 80 
45:45 37 105 62 25 13 33 103 89 1 109 
46:46 49 114 21 73 67 53 83 110 88 
47:47 60 61 32 39 64 2 6 100 106 15 13 
48:48 57 75 92 96 86 112 91 66 44 
49:49 88 73 110 46 83 114 67 53 
50:50 90 11 28 69 24 
51:51 108 68 111 40 78 7 22 8 21 77 
52:52 112 72 53 98 84 81 10 102 107 74 3 40 97 5 11 
53:53 52 73 110 46 83 49 67 114 88 
54:54 99 61 14 34 71 18 31 26 38 85 42 43 12 36 
55:55 94 54 89 79 31 99 35 101 34 19 30 29 18 71 61 42 43 36 14 12 26 38 85 
56:56 96 95 87 62 27 76 17 65 70 20 113 
57:57 42 112 44 48 75 91 86 92 66 
58:58 97 36 88 59 63 114 49 83 46 73 110 67 53 
59:59 60 66 97 86 112 58 63 75 92 91 48 44 57 
60:60 59 47 15 64 6 2 32 106 39 100 13 
61:61 26 34 54 47 18 71 42 99 31 38 14 85 43 12 36 
62:62 56 95 87 76 45 70 27 113 20 96 65 17 
63:63 42 109 64 65 27 96 26 70 17 56 1 113 57 103 95 76 20 87 62 105 45 37 89 25 33 
64:64 63 60 9 32 47 100 6 2 39 13 106 15 
65:65 63 113 96 20 66 87 17 76 56 59 27 95 62 70 
66:66 59 75 92 112 86 91 48 44 57 97 
67:67 114 73 68 110 46 83 53 49 88 
68:68 50 51 21 15 67 8 111 78 22 7 90 77 108 23 28 9 4 41 16 0 104 93 11 69 24 
69:69 90 24 28 50 11 
70:70 95 43 76 62 69 27 56 113 20 87 17 65 96 
71:71 34 38 31 18 99 54 61 85 12 14 26 43 42 36 
72:72 52 102 81 104 74 2 3 40 10 98 84 107 5 11 97 
73:73 77 49 114 46 67 53 83 110 88 
74:74 73 82 102 72 84 2 3 10 52 100 107 81 40 98 5 
75:75 92 66 48 57 112 91 86 44 
76:76 113 96 20 70 62 27 65 95 17 56 87 
77:77 73 7 8 22 108 21 111 78 68 51 
78:78 50 22 51 108 28 23 68 111 90 4 77 8 7 21 9 41 93 0 16 104 11 69 24 
79:79 35 94 55 31 80 30 29 101 19 82 
80:80 85 86 94 82 79 91 29 93 35 30 101 55 19 44 31 
81:81 72 107 83 5 98 84 10 52 3 40 102 74 
82:82 94 7 39 80 100 6 79 13 77 29 32 106 55 64 35 47 30 15 101 60 19 2 
83:83 49 114 88 81 67 69 46 73 110 53 
84:84 10 24 52 107 81 98 5 102 40 72 3 74 11 97 
85:85 26 99 38 31 14 54 71 43 18 61 12 34 42 36 
86:86 97 66 44 48 80 91 57 75 92 112 
87:87 56 20 24 62 65 113 17 96 76 70 27 95 
88:88 58 49 107 83 69 114 46 73 110 67 53 
89:89 33 99 109 1 55 105 103 25 45 37 
90:90 50 28 5 69 11 24 4 10 84 107 3 81 98 74 102 52 40 72 97 
91:91 92 93 66 86 44 48 75 112 57 
92:92 75 112 66 48 91 57 86 44 
93:93 23 9 104 91 0 4 16 41 
94:94 35 101 34 82 55 30 29 79 19 80 
95:95 56 70 62 69 27 76 96 87 113 65 17 20 
96:96 56 76 48 17 65 27 20 113 87 95 62 70 
97:97 58 86 98 59 66 48 63 36 75 91 92 112 57 44 
98:98 97 10 52 48 102 107 5 84 40 72 81 74 3 11 
99:99 85 14 54 89 31 71 55 18 43 38 61 12 34 26 42 36 
100:100 99 32 82 102 39 13 15 6 106 64 47 60 2 
101:101 29 94 1 19 30 35 79 55 
102:102 103 10 72 107 98 81 40 84 52 74 3 5 
103:103 109 37 102 105 25 45 89 33 1 
104:104 93 72 67 0 4 41 16 23 9 
105:105 33 103 109 45 1 89 25 37 
106:106 32 15 13 2 6 100 64 60 47 39 
107:107 10 88 102 81 5 98 84 72 40 52 74 3 
108:108 22 51 9 111 78 8 68 7 21 77 
109:109 63 103 89 105 30 45 37 25 1 33 
110:110 49 24 67 53 73 46 83 114 88 
111:111 51 108 21 23 7 8 78 68 22 77 
112:112 57 92 66 75 91 44 48 86 
113:113 28 76 17 65 59 20 96 27 70 95 66 87 56 62 
114:114 73 46 15 67 83 53 49 110 88 
