114 73
89 25
81 3
106 32
96 27
111 21
51 21
71 38
108 77
98 81
109 33
113 20
79 35
59 58
109 105
36 12
80 37
64 9
85 31
48 44
90 69
83 46
84 10
44 19
77 22
45 13
85 80
38 18
107 81
108 78
56 27
108 7
87 56
23 4
91 48
26 14
107 98
90 5
83 49
89 1
110 13
96 20
111 23
53 48
41 23
23 22
102 98
41 4
35 30
107 40
97 11
57 48
83 67
76 27
50 11
106 6
11 10
30 29
88 53
73 46
97 86
98 10
55 30
33 19
34 26
57 44
39 32
112 66
105 103
74 3
73 67
39 6
114 67
47 46
100 82
111 78
106 25
81 72
92 75
83 73
75 48
72 2
65 17
39 15
58 36
94 30
97 63
92 48
49 46
85 43
86 80
94 55
101 30
51 40
43 31
84 83
84 3
82 30
64 47
82 29
22 21
109 37
43 14
32 31
112 91
104 11
71 31
103 37
92 61
28 24
9 0
101 1
104 87
85 26
109 30
100 99
44 30
55 54
112 44
108 51
101 51
106 92
78 7
53 25
102 40
104 41
102 3
94 82
43 42
114 88
82 80
104 9
62 27
61 26
98 48
100 39
72 52
41 8
62 20
65 20
21 8
88 83
114 53
96 65
101 58
101 19
47 2
90 8
79 43
66 44
42 34
112 92
54 31
11 5
94 19
94 79
3 2
91 29
95 70
64 6
55 19
110 24
105 45
79 55
110 73
83 81
103 25
38 16
60 47
69 24
84 24
24 11
107 10
16 9
108 4
60 6
33 0
105 37
105 1
95 87
57 1
58 3
80 79
41 0
104 0
105 89
19 18
113 17
20 17
74 40
78 51
102 52
79 31
102 74
78 23
85 14
92 91
110 83
77 7
69 4
39 13
37 36
86 75
112 97
81 5
98 84
38 12
113 65
104 16
104 93
106 15
101 94
15 14
53 49
112 52
60 59
98 5
60 15
34 12
65 0
92 15
73 7
70 43
82 7
84 52
63 27
103 102
114 15
96 87
106 64
42 26
32 6
95 27
21 7
113 59
61 47
112 96
97 5
77 73
79 30
110 88
61 34
79 29
54 38
99 18
111 8
37 33
54 18
13 12
111 77
52 3
76 62
90 23
86 66
40 3
41 40
94 35
114 83
91 86
83 69
95 69
22 7
61 18
53 52
91 44
57 56
37 25
32 13
64 63
54 39
69 11
91 66
87 24
111 64
98 52
86 53
66 59
89 88
99 31
50 28
73 49
101 29
95 62
111 46
55 6
63 58
74 2
69 28
74 73
93 9
27 17
81 10
78 28
5 3
96 56
75 66
68 22
99 85
78 50
71 60
76 70
9 4
31 18
68 15
89 55
74 5
58 6
21 20
76 20
6 2
75 44
17 12
71 34
47 15
25 24
102 100
95 17
16 0
64 2
105 33
96 17
13 2
86 57
107 88
69 50
109 45
100 32
46 21
112 57
84 81
112 75
70 62
78 8
15 2
42 18
35 29
110 49
16 4
61 31
47 32
49 48
87 65
71 61
32 21
87 86
107 84
4 0
105 62
94 80
14 12
70 56
78 77
67 46
60 2
78 68
29 19
9 8
39 38
45 25
109 63
68 8
55 31
86 44
41 9
42 29
65 27
87 20
77 21
