7 6
8 7
22 9
26 3
26 12
27 1
28 4
32 15
34 31
34 18
35 34
35 0
36 20
37 1
38 28
43 36
43 38
45 44
45 33
45 37
47 6
47 39
49 32
50 30
51 50
51 8
55 35
55 29
57 42
59 36
60 39
60 13
61 54
62 45
63 59
65 56
66 24
66 48
67 16
67 49
71 18
71 54
72 71
74 10
74 52
76 75
76 66
76 56
77 8
78 22
81 16
82 74
85 6
85 12
87 17
88 69
88 46
89 37
89 45
90 11
90 50
90 24
90 28
92 35
92 86
92 57
93 0
93 80
93 16
93 4
96 76
99 89
99 14
100 64
101 35
103 45
103 89
104 72
106 56
106 2
106 60
107 75
107 102
107 72
108 21
108 22
109 1
109 89
110 67
110 46
110 53
111 7
111 68
113 70
113 87
113 76
114 46
72 10
94 55
30 19
92 91
84 74
113 17
99 31
114 49
102 72
38 12
94 34
98 97
57 1
94 80
68 51
96 20
99 85
56 27
77 73
61 34
28 24
62 17
72 52
67 53
43 42
105 1
61 18
72 40
106 13
112 63
54 31
61 26
50 28
68 50
84 81
17 12
107 81
83 49
101 55
102 100
96 48
84 52
9 8
108 51
93 82
32 6
43 12
102 52
68 7
81 5
21 8
91 69
82 39
107 98
41 8
90 69
111 21
42 26
65 20
91 86
79 35
112 52
103 33
55 6
34 26
103 25
114 58
89 55
91 80
40 3
104 4
76 62
103 37
43 14
74 2
82 29
101 79
74 5
61 47
98 40
53 48
109 30
87 65
74 73
39 13
33 25
47 15
23 16
108 9
72 2
9 0
48 44
35 30
82 80
84 3
31 18
114 73
76 59
61 43
86 57
96 17
47 32
90 8
75 66
57 48
82 30
16 4
112 96
37 36
111 51
114 67
95 70
78 23
96 27
105 33
106 64
110 49
54 34
64 47
79 30
87 24
104 0
111 77
112 92
65 0
11 10
64 13
66 59
41 0
94 82
86 66
72 3
90 0
54 14
76 70
107 88
4 0
111 23
107 10
106 32
105 89
95 62
76 20
85 26
65 17
35 19
105 45
88 49
67 41
39 6
21 20
73 49
83 67
109 63
89 1
3 2
74 72
81 40
114 83
20 17
71 34
78 28
46 21
112 75
107 5
90 5
33 1
70 43
37 33
112 57
73 46
101 30
54 18
102 40
86 48
27 26
68 67
111 8
43 31
67 46
85 38
24 11
99 54
75 48
94 79
108 4
58 3
85 31
99 18
62 61
52 3
79 55
36 12
96 65
53 25
92 61
27 17
70 62
50 24
73 53
87 62
60 59
98 81
57 56
64 63
65 27
25 1
100 2
77 22
83 53
104 87
113 65
78 7
64 32
104 67
108 78
110 88
43 26
86 80
63 27
81 72
94 35
114 110
100 99
32 31
15 14
97 86
93 23
62 27
60 15
98 10
93 91
58 36
106 6
55 19
110 80
102 74
101 19
102 10
84 24
53 52
111 78
80 79
22 21
79 31
16 0
54 38
100 32
89 25
10 5
97 5
41 4
36 19
107 84
87 20
98 52
78 8
82 77
83 81
28 11
95 27
44 30
103 70
77 7
106 39
69 50
88 83
85 80
113 20
69 24
101 94
