1:1 27 102 80 23 169 72 105 154 46 13 16 51 107 158 155 29 101 147 133 18 104 106 73 87 162 45 123 20 33 103 131 122 108 65 145 141 53 139 26 118 58 54 57 43 55 85 68 35 100 132 86 7 134 17 60 34 50 144 78 71 135 70 61 84 94 22 98 2 124 115 151 79 39 64 97 28 114 31 30 99 52 153 163 164 15 40 9 76 96 140 125 21 32 109 146 90 143 
2:2 39 31 83 135 52 70 153 103 22 30 15 61 40 163 144 104 105 
3:3 8 136 19 90 120 69 32 146 119 77 56 142 46 21 14 24 109 152 48 143 27 115 96 125 23 
4:4 140 159 149 168 95 25 113 138 93 62 156 128 42 11 10 116 157 121 112 130 89 148 167 110 165 44 59 92 36 37 6 63 117 81 47 82 137 5 67 91 12 166 
5:5 82 67 36 165 157 12 117 129 138 59 127 81 126 95 149 91 11 166 44 47 37 148 130 128 38 121 156 137 111 113 159 93 88 4 150 25 168 48 24 14 62 110 10 116 92 167 112 89 6 42 63 
6:6 116 112 10 92 110 89 62 167 63 42 117 168 93 156 128 113 4 25 159 149 95 148 130 11 165 37 157 36 121 81 59 47 44 137 82 138 5 67 
7:7 63 115 103 145 33 55 26 118 2 68 134 53 108 54 132 85 58 86 100 139 162 45 61 39 73 70 141 106 34 154 71 16 43 65 78 35 50 133 131 101 87 20 122 144 135 22 57 147 17 158 31 153 29 105 107 155 80 13 15 52 30 104 1 18 102 163 169 60 40 27 94 23 123 96 98 151 79 124 51 84 64 97 125 28 114 99 9 164 21 76 32 140 109 90 143 146 46 
8:8 3 152 136 119 90 120 74 161 19 41 72 48 14 115 75 49 66 56 83 77 143 169 69 142 24 46 146 76 109 32 27 125 96 21 23 154 1 166 91 126 12 160 98 163 127 38 129 88 111 150 
9:9 164 21 40 51 97 140 160 99 54 84 28 32 123 114 98 122 64 79 124 125 60 109 151 94 163 76 71 96 104 30 18 147 144 50 
10:10 6 89 63 168 42 116 62 112 92 110 167 117 93 156 128 113 4 25 159 149 95 148 130 11 165 37 157 36 121 81 59 47 44 137 82 138 5 67 
11:11 36 47 159 59 148 95 130 113 157 37 149 165 81 4 117 82 93 156 5 128 44 168 137 121 25 138 67 62 
12:12 91 166 157 129 160 127 5 48 126 38 150 165 88 111 82 59 67 36 81 138 95 149 121 130 148 37 128 11 47 156 137 44 113 24 159 4 93 14 25 168 117 62 110 10 116 92 6 112 89 167 42 63 
13:13 87 29 158 155 123 18 107 80 147 106 1 101 73 169 105 102 20 45 104 16 162 33 122 141 108 72 145 51 54 26 131 57 68 118 60 139 17 7 154 151 71 84 85 100 79 134 86 103 124 133 65 55 58 43 53 94 28 50 132 144 34 64 97 78 35 114 135 99 70 61 98 164 76 140 9 40 21 22 30 2 39 153 125 52 163 31 15 32 96 109 115 27 23 90 143 146 46 
14:14 159 126 24 96 90 49 136 48 143 91 166 8 77 23 160 38 3 115 140 59 129 69 120 161 127 56 12 88 142 111 150 19 152 41 46 146 72 109 66 83 75 32 74 119 27 125 76 21 154 5 67 1 169 163 98 84 51 9 40 164 97 99 28 123 138 114 124 79 64 94 151 102 60 82 157 104 18 44 165 25 36 137 121 81 47 37 149 4 95 148 11 113 130 128 156 117 93 168 110 62 112 6 10 116 92 89 167 42 63 
15:15 153 31 52 61 39 30 2 22 163 
16:16 103 105 107 80 27 53 102 133 55 1 58 154 155 65 104 101 169 43 158 72 13 85 29 147 87 139 18 131 144 118 162 106 35 86 132 73 50 145 100 26 34 33 45 135 70 20 7 78 134 108 122 61 71 141 68 57 54 17 22 2 123 60 51 39 84 94 31 151 153 52 15 30 124 79 163 40 64 115 28 114 97 98 164 99 9 76 96 125 140 21 32 109 23 90 143 146 46 
17:17 57 140 141 20 122 45 33 108 106 162 73 54 68 158 29 131 145 134 26 155 147 13 101 80 123 60 107 18 7 118 169 139 1 71 87 55 100 86 102 132 105 16 85 58 65 51 154 104 53 50 43 133 103 34 144 35 78 135 94 72 70 61 84 124 151 79 28 22 97 64 114 99 98 164 9 21 76 40 30 2 39 153 125 52 163 31 15 32 96 109 115 27 23 90 143 146 46 
18:18 139 79 104 98 13 155 147 106 145 151 123 20 158 29 124 26 28 97 101 60 87 118 99 33 45 105 102 73 108 162 80 122 64 94 107 1 141 114 71 54 131 169 16 57 68 51 53 50 100 7 9 84 133 17 86 140 85 164 58 43 144 65 154 103 55 34 78 132 35 134 21 135 70 61 76 125 40 32 22 163 30 2 96 109 39 27 153 52 31 15 115 23 90 143 146 46 
19:19 120 56 3 77 21 136 32 8 142 146 109 69 46 152 24 48 27 143 14 90 115 96 125 23 
20:20 17 158 122 106 57 141 108 45 26 155 147 29 162 73 33 13 131 80 54 101 68 145 107 60 123 18 169 118 139 134 7 1 87 71 102 100 105 86 55 16 85 65 132 51 154 58 104 103 43 133 34 35 78 50 53 135 72 144 70 61 151 27 124 22 79 84 94 64 2 97 28 114 39 99 98 164 76 40 31 9 30 52 153 163 15 140 21 125 32 96 109 115 23 90 143 146 46 
21:21 84 9 51 32 19 125 109 164 3 120 8 56 136 142 77 69 146 46 152 24 48 27 143 14 90 96 140 115 23 
22:22 39 31 30 70 144 146 154 19 2 52 153 163 40 61 15 104 135 103 105 78 34 152 85 65 100 35 86 87 16 58 43 55 132 50 53 118 133 139 134 7 71 145 26 101 131 107 162 80 106 94 102 33 1 147 13 108 18 169 155 158 73 45 68 29 54 51 122 72 151 20 141 60 123 57 84 17 124 79 98 164 64 97 28 114 9 99 21 32 76 140 125 115 109 96 27 46 23 90 143 120 56 136 3 77 142 8 69 74 119 161 48 66 41 75 49 83 160 14 24 
23:23 90 96 77 166 1 14 154 111 115 35 143 48 136 27 126 56 24 69 142 49 38 102 46 70 134 120 127 67 80 8 3 129 91 19 152 88 109 146 72 16 150 12 32 161 22 160 41 5 75 83 66 119 74 169 76 125 107 21 98 133 51 84 163 100 40 9 164 105 144 30 2 39 31 52 34 55 153 85 103 61 58 15 132 104 65 43 135 78 53 50 101 86 118 87 139 131 145 26 7 71 162 94 18 122 33 155 106 108 17 147 158 29 13 73 54 45 20 68 141 123 57 60 97 79 151 124 28 64 114 99 140 
24:24 14 137 166 69 56 88 160 142 91 46 121 48 19 117 138 77 126 38 146 12 47 120 152 150 127 3 111 129 8 5 67 136 143 90 82 81 109 23 44 32 157 36 59 37 165 11 148 130 95 27 128 149 156 113 159 93 4 25 168 110 62 6 10 112 116 92 89 167 42 63 
25:25 164 148 168 4 113 150 44 60 116 10 88 93 121 156 159 112 110 62 6 111 130 167 127 89 149 92 128 42 117 95 11 63 129 157 36 37 38 165 81 59 47 5 82 137 138 12 67 91 126 166 
26:26 131 61 108 106 39 96 145 118 139 7 20 162 85 45 86 122 33 100 18 15 70 101 43 68 52 54 71 73 78 147 158 2 155 141 31 153 34 50 29 60 135 134 58 13 53 65 87 132 55 144 35 57 80 17 133 103 22 163 107 30 16 154 105 104 169 1 102 40 94 123 27 151 98 51 23 84 124 125 79 64 97 115 28 164 114 9 99 76 140 21 32 109 90 143 146 46 
27:27 96 1 109 46 133 16 8 115 117 143 120 56 90 69 48 142 32 3 80 23 154 107 136 105 24 125 152 77 14 146 19 102 72 169 21 51 155 49 66 119 161 41 74 158 75 83 13 29 98 84 76 18 160 163 9 123 40 147 97 164 104 94 140 28 122 124 30 79 99 151 114 101 144 73 64 22 60 106 53 31 100 118 33 71 70 20 85 145 162 45 17 50 141 26 108 54 39 57 2 139 7 43 103 58 55 131 87 52 68 65 134 34 132 86 35 61 78 135 153 15 
28:28 140 114 99 79 97 123 124 151 64 104 9 94 164 60 76 32 51 84 21 125 40 109 98 18 
29:29 13 158 155 87 169 162 45 80 122 106 123 124 57 96 141 20 33 147 73 107 101 108 17 131 26 54 60 68 145 118 134 18 139 7 71 1 86 102 151 105 79 16 104 100 94 85 55 65 154 43 58 103 132 51 28 34 50 133 78 35 53 144 97 64 135 114 27 70 99 61 98 84 76 164 9 140 22 125 40 21 163 30 2 39 32 153 52 31 15 109 115 23 90 143 146 46 
30:30 153 22 52 104 40 39 31 105 61 15 2 163 144 103 70 135 
31:31 2 15 22 52 163 39 153 30 61 
32:32 146 125 21 51 123 124 3 19 109 142 164 120 9 84 56 97 77 28 69 8 46 99 140 136 79 151 114 90 64 152 94 60 24 143 48 14 98 96 27 115 163 23 160 
33:33 141 73 45 122 53 139 7 71 162 80 106 145 68 108 20 54 29 26 158 118 101 131 155 147 13 60 57 107 18 17 123 169 134 1 55 87 16 86 105 102 100 85 132 133 65 43 58 154 50 103 144 51 34 35 78 104 70 135 61 84 22 94 151 98 2 124 79 39 64 27 97 28 114 99 40 31 115 30 76 164 9 52 153 163 15 140 96 21 125 32 109 23 90 143 146 46
34:34 35 78 65 146 87 61 71 144 100 85 58 118 43 86 50 139 153 26 132 135 145 103 17 7 70 133 55 131 15 53 2 162 57 134 39 52 141 101 108 31 22 45 163 68 33 30 106 54 122 20 73 147 40 60 29 158 105 104 16 155 13 80 154 107 18 1 102 123 169 94 151 51 115 79 124 84 98 64 97 28 114 76 99 164 9 140 32 21 125 96 109 27 23 90 143 46
35:35 34 65 58 70 132 100 23 135 139 43 87 85 50 78 86 133 134 118 55 144 61 103 145 7 26 53 71 131 2 154 162 16 39 153 101 22 108 31 52 106 15 68 105 33 30 45 54 104 163 73 147 141 107 122 80 57 40 20 155 158 17 13 29 102 60 1 18 169 94 123 98 151 96 51 84 124 125 79 27 64 97 115 28 164 114 9 99 76 140 21 32 109 90 143 146 46
36:36 117 11 95 81 5 165 157 82 59 148 37 149 130 47 156 44 128 159 93 137 67 113 121 138 4 168 25 62
37:37 137 148 130 156 81 47 157 6 36 165 128 95 11 82 149 44 5 93 59 113 67 159 121 138 4 168 117 25 62 112 10 116 110 92 89 167 42 63
38:38 150 88 111 129 127 126
39:39 2 22 52 70 15 31 30 163 153 61
40:40 76 30 9 144 83 84 122 3 151 153 39 2 52 22 31 163 21 15 109 70 104 61 53 164 32 51 103 125 146 19 135 120 96 98 97 66 75 123 161 94 28 99 124 64 79 114 49 140 41 60 160 50 119 71 74 72 136 169 8 90 154 100 152 115 34 78 14 17 118 85 86 48 7 56 77 23 145 142 26 143 1 69 58 87 55 46 132 43 27 65 24 105 101 139 18 102 16 133 35 147 134 131 107 80 155 162 13 106 33 54 158 29 73 108 68 45 20 141 57
41:41 83 75 49 161 66 74 119 72 76 169
42:42 63 149 95 10 68 167 159 89 131 116 112 92 62 110 168 6 4 128 113 93 156 117 25 165 11 130 148 36 59 157 37 121 81 47 44 82 137 5 138 67 91 12 166
43:43 87 133 65 85 58 139 50 144 118 35 34 86 100 53 135 103 132 61 78 55 70 71 145 26 16 7 131 162 2 134 105 153 101 39 15 154 108 52 31 22 106 30 68 104 33 45 54 163 107 40 147 73 141 80 122 13 18 57 155 158 20 29 17 102 1 169 60 94 51 123 84 151 98 64 79 124 97 76 164 114 28 99 9 140 21 125 32 96 27 109 115 23 90 143 146 46
64:64 114 99 79 50 97 76 53 94 28 71 124 151 123 140 60 104 164 9 32 40 51 84 21 144 125 109 98 163 30 122 96 18 160
65:65 35 135 103 43 34 58 87 57 139 131 86 42 133 55 106 23 141 78 63 132 85 162 50 70 7 100 17 53 16 118 101 145 26 144 134 71 45 33 108 61 68 20 154 105 54 122 147 73 2 107 22 60 153 155 158 80 29 13 39 15 1 31 102 18 52 104 30 169 163 27 96 98 40 94 115 123 151 125 51 84 79 124 64 97 28 164 114 99 9 76 21 140 32 109 90 143 146 46
66:66 83 125 75 169 41 49 161 74 119 72 76
67:67 138 82 137 5 90 126 81 47 14 37 121 59 36 44 148 91 24 157 166 165 11 130 117 95 12 156 113 128 149 159 93 48 4 168 127 25 129 38 111 88 150 62 110 10 112 116 92 6 167 89 42 63
68:68 54 132 108 134 42 45 145 143 141 55 33 20 106 7 57 122 162 73 26 17 131 101 158 147 29 60 155 13 80 53 107 18 123 118 139 169 16 1 71 65 86 87 58 105 102 100 43 85 133 103 135 50 35 154 34 78 104 144 70 61 51 27 94 84 22 124 151 2 64 79 28 39 97 98 114 99 164 76 52 40 31 115 153 30 15 9 163 140 96 21 125 32 109 23 90 146 46
69:69 146 77 142 46 56 24 3 8 152 19 136 120 14 32 48 109 90 143 27 115 96 23
70:70 39 135 22 2 35 144 154 19 134 23 96 31 163 52 30 40 34 132 15 153 65 55 61 103 78 100 58 131 43 50 85 86 87 133 139 26 104 118 53 145 7 105 16 71 101 162 106 107 33 108 146 80 45 68 73 122 54 1 147 155 158 13 102 141 20 29 169 18 57 17 60 51 27 98 123 125 84 94 115 151 164 21 124 32 9 79 97 109 28 64 114 99 140 76 90 143 46
71:71 50 94 114 118 33 34 79 100 57 96 64 76 141 97 17 28 60 99 78 124 7 86 45 151 140 123 145 164 20 73 85 98 87 122 26 9 43 58 147 108 106 29 68 18 139 54 162 13 155 158 65 132 61 51 84 101 35 131 134 144 55 21 135 53 70 133 80 125 107 104 40 105 154 103 16 169 102 1 32 22 30 163 27 153 2 109 39 52 31 15 115 23 90 143 146 46
72:72 161 75 41 49 120 136 102 80 1 83 19 119 66 74 76 154 169 8 3 152 56 107 77 16 105 142 69 90 155 46 115 146 48 158 27 14 13 24 23 143 29 109 32 96 125 21 51 98 84 160 18 163 9 123 40 147 97 164 94 124 140 122 104 28 79 99 151 73 114 30 144 64 101 60 22 106 31 100 33 20 118 45 145 17 71 54 70 108 162 141 50 85 26 39 57 131 2 68 7 53 134 139 52 86 15 87 55 61 58 153 34 133 43 65 78 103 132 135 35
73:73 33 45 107 158 80 122 155 106 123 68 134 54 13 29 108 20 141 147 101 60 162 145 57 169 26 131 17 18 118 139 7 1 71 87 55 100 86 102 132 105 16 85 58 65 51 154 53 104 43 133 103 50 34 35 78 144 135 72 70 61 84 94 22 124 151 98 2 79 39 97 64 28 114 99 164 40 76 31 9 30 52 153 163 15 140 21 125 32 96 109 115 27 23 90 143 146 46
74:74 119 75 169 41 8 66 98 3 68 49 72 161 83 136 76 120 19
75:75 83 41 49 161 66 74 119 72 76 169
76:76 83 40 50 64 75 114 94 49 161 66 41 97 72 119 74 169 71 79 99 28 124 151 98 123 60 140 104 9 18 164 125 32 51 84 21 109 160 163 30 144
77:77 142 69 56 19 23 136 46 14 146 3 8 24 90 120 152 32 143 48 109 115 27 96
78:78 153 34 86 61 132 58 146 151 57 152 135 17 65 35 85 50 55 141 15 87 46 52 100 30 118 2 43 31 71 103 139 39 144 70 131 145 134 22 26 7 163 133 53 162 40 154 16 108 104 101 68 105 33 45 106 54 122 20 147 73 107 155 158 80 60 29 13 1 18 102 169 27 94 123 79 124 51 115 96 84 64 28 125 23 98 97 114 99 9 32 164 21 76 140 109 90 143
79:79 124 151 64 114 99 18 104 28 97 123 140 94 60 9 164 76 32 51 84 21 125 40 109 98
80:80 169 16 107 158 155 1 101 72 105 102 73 13 33 29 147 45 106 18 20 162 104 122 123 141 108 57 131 145 54 51 87 26 68 60 17 118 139 154 7 100 85 151 71 86 43 134 124 103 55 79 65 58 133 132 34 53 50 28 78 35 144 94 61 64 135 70 97 114 84 99 98 164 76 22 9 140 40 2 30 21 39 153 125 52 163 31 15 32 96 109 115 27 23 90 143 146 46
81:81 137 36 47 37 121 157 6 82 67 44 130 148 138 11 5 59 165 95 156 113 149 128 93 159 4 117 168 25 62 112 10 116 110 92 89 167 42 63
82:82 138 67 5 165 157 148 81 36 12 37 95 149 59 130 11 156 47 159 128 44 137 166 113 91 121 93 4 168 117 25 62 126 127 129 111 38 88 150 110 48 24 10 116 92 6 112 89 167 42 63 14
83:83 75 76 49 41 161 66 72 119 74 169
84:84 21 51 122 109 40 9 144 123 32 164 125 97 99 28 140 98 124 79 163 151 114 94 64 60 76 104 30 71 50 96 18 160
85:85 43 61 100 145 118 86 26 34 58 154 87 115 2 35 135 17 22 31 103 53 169 78 65 70 7 139 144 132 50 133 153 39 55 52 16 71 15 30 134 131 163 57 162 101 105 141 108 104 40 33 45 106 107 80 68 122 73 20 54 29 147 1 155 158 13 102 18 60 123 94 151 98 79 124 51 84 64 97 28 114 76 99 164 9 140 21 125 96 32 27 109 23 90 143 146 46
44:44 137 59 25 81 36 121 117 138 152 11 82 47 157 5 113 37 67 148 130 4 165 95 93 149 159 156 128 168 62 12 112 91 10 167 116 110 92 89 6 42 63 166
45:45 141 33 108 162 106 57 68 131 20 73 29 158 122 54 155 26 17 13 147 145 80 101 60 107 18 123 139 169 118 7 1 87 71 102 105 86 100 85 16 51 65 134 104 43 55 58 154 103 133 132 53 34 79 50 35 78 144 151 124 61 135 70 94 84 28 64 97 114 22 98 99 164 76 2 9 40 140 30 21 39 153 125 52 163 31 15 32 96 109 115 27 23 90 143 146 46
46:46 142 69 56 146 77 152 27 24 8 3 120 19 109 32 136 48 143 90 14 115 96 23
47:47 11 137 148 81 37 6 117 59 67 121 111 138 36 82 44 130 5 113 157 165 95 156 93 128 149 159 168 4 25 62 112 110 10 92 116 89 167 42 63
48:48 143 152 38 91 126 14 12 129 109 90 120 59 127 166 69 56 24 3 8 142 88 77 111 5 136 150 46 19 23 146 160 32 67 27 96 115
49:49 83 75 41 161 66 76 72 119 74 169
50:50 64 76 114 71 144 94 139 43 133 132 58 145 118 87 86 85 53 34 65 97 100 78 18 35 79 26 61 7 135 70 55 28 99 151 103 124 98 131 104 101 2 134 60 16 162 105 123 147 154 108 164 22 39 153 106 30 52 68 102 54 40 13 15 31 163 33 155 45 73 107 80 1 51 9 158 29 122 141 169 84 20 57 21 125 17 32 96 140 27 115 109 23 90 143 146 46
51:51 84 21 9 32 107 100 125 164 97 147 123 124 28 99 94 169 19 140 109 163 122 98 79 151 114 64 60 96 71 104 18 160 76 54 29 40 155 13 73 158 80 118 33 144 30 106 101 105 20 45 1 50 145 102 108 162 141 16 154 26 17 139 87 57 68 85 53 131 43 133 22 58 65 86 134 70 7 27 34 55 103 132 35 78 135 61 39 115 2 31 52 153 15 23 90 143 146 46
52:52 39 153 15 31 30 61 163 2 22
53:53 133 144 64 33 16 39 153 103 15 139 7 43 50 52 58 55 65 30 2 31 85 61 118 22 70 105 34 135 86 26 163 87 104 78 35 100 132 71 145 131 40 162 101 154 134 114 106 107 76 94 108 80 68 45 73 54 147 13 102 60 1 141 155 158 122 29 18 57 20 17 169 79 151 123 124 97 28 51 99 98 84 164 9 140 21 125 32 96 27 109 115 23 90 143 146 46
54:54 68 134 108 60 9 55 147 145 143 141 132 45 33 20 7 164 26 106 122 73 162 131 57 155 158 17 101 29 13 80 18 118 107 123 139 86 169 87 71 51 58 65 53 78 100 43 85 34 16 50 133 103 35 84 144 105 154 1 61 21 102 104 70 135 22 94 27 151 98 2 97 124 40 79 28 39 96 64 99 114 30 76 125 52 140 23 163 153 31 15 32 109 115 90 146 46
55:55 134 132 103 54 7 131 16 65 101 58 68 35 108 86 133 43 162 135 53 34 105 85 78 145 87 26 139 45 50 118 70 61 100 144 106 71 33 57 147 141 73 20 122 13 154 2 17 18 158 155 29 107 80 102 1 104 169 60 22 123 51 27 94 84 39 124 151 64 79 97 28 31 153 30 52 15 114 163 40 99 98 164 76 9 140 96 21 125 32 115 109 23 90 143 146 46
56:56 19 77 142 46 69 24 146 8 120 48 3 152 136 32 143 109 90 27 14 115 96 23
57:57 141 17 20 45 122 33 106 162 73 158 108 29 131 155 26 54 13 147 68 80 101 145 107 60 123 18 169 118 139 134 7 1 87 71 102 100 105 86 55 16 85 65 132 51 154 58 104 103 43 133 34 35 78 50 53 135 72 144 70 61 151 27 124 22 79 84 94 64 2 97 28 114 39 99 98 164 76 40 31 9 30 52 153 163 15 140 21 125 32 96 109 115 23 90 143 146 46
58:58 35 103 139 43 86 133 132 65 78 16 34 55 50 85 145 87 100 118 61 7 135 53 134 131 26 144 71 70 162 68 108 101 2 33 54 45 106 141 73 147 39 57 20 122 22 60 153 105 154 17 158 155 15 29 31 107 80 13 52 18 30 104 102 1 163 169 40 94 151 123 79 124 51 98 84 64 97 28 115 164 114 99 9 76 27 140 96 21 125 32 109 23 90 143 146 46
59:59 11 159 44 36 5 47 165 113 157 48 82 93 95 81 148 149 37 130 117 91 168 12 138 156 128 4 137 166 121 25 67 126 62 127 129 38 111 88 150 24 14 110 10 116 92 167 112 89 6 42 63
60:60 151 54 164 25 108 123 101 68 64 76 141 15 94 114 99 97 79 28 50 124 45 71 147 134 106 145 9 33 104 73 140 20 122 18 162 118 51 132 13 158 155 26 29 57 84 17 7 86 139 131 107 80 21 87 100 78 53 85 55 58 34 105 32 169 43 1 65 16 133 144 154 102 35 103 61 135 98 70 40 125 22 153 30 163 2 39 52 96 31 27 109 115 23 90 143 146 46
61:61 153 15 52 26 85 31 78 30 86 34 118 39 22 2 163 71 100 70 7 146 144 87 145 50 135 43 40 139 65 58 35 103 132 133 55 53 131 105 16 162 134 101 104 154 106 107 33 80 108 73 45 68 18 122 54 147 155 158 141 13 20 57 29 17 1 102 169 60 94 51 123 84 151 98 64 79 124 97 76 164 114 28 99 9 140 21 125 32 96 27 109 115 23 90 143 46
62:62 167 89 10 92 128 6 138 4 116 112 110 117 63 168 42 93 121 113 156 25 159 149 95 130 11 148 165 157 36 37 47 81 59 82 44 5 137 67
63:63 7 89 42 10 92 167 116 112 110 62 6 117 168 93 156 128 113 4 25 159 149 95 121 130 11 148 37 165 36 157 81 59 47 44 137 82 5 138 67 91 12 166
86:86 87 58 78 145 118 61 65 85 151 135 164 7 131 26 34 43 132 100 139 50 103 55 35 162 70 153 133 71 144 2 134 101 15 53 39 52 31 108 16 33 68 22 30 54 106 45 163 60 141 73 57 147 104 122 105 40 20 17 154 18 29 13 155 158 80 107 102 1 123 169 94 51 79 124 84 98 64 97 28 114 99 76 9 140 21 125 32 96 27 109 115 23 90 143 146 46
87:87 43 13 139 86 29 34 100 65 135 58 35 118 85 78 50 144 133 71 70 132 61 53 145 57 7 162 103 26 55 131 33 2 17 101 16 141 45 106 105 108 134 39 153 122 20 68 73 54 147 15 158 22 155 80 31 52 154 107 30 18 102 104 1 163 169 60 40 94 51 98 123 84 151 125 64 79 124 96 97 114 76 28 99 164 9 140 21 32 27 109 115 23 90 143 146 46
88:88 150 111 129 127 38 126
89:89 167 63 116 62 10 92 128 6 112 110 42 168 117 93 156 113 4 25 159 149 95 148 130 11 165 37 157 36 121 81 59 47 44 137 82 138 5 67
90:90 115 140 23 14 3 8 143 136 120 96 77 48 19 56 69 152 142 24 146 46 109 32 27
91:91 12 166 126 48 142 69 5 165 128 24 129 127 56 14 157 77 59 149 38 36 152 95 46 82 88 111 130 8 159 146 148 150 11 37 156 81 47 121 67 44 113 137 138 93 25 4 168 117 3 62 110 10 116 92 167 112 89 6 42 63
92:92 6 167 89 63 116 62 112 10 110 42 117 168 93 156 128 113 4 25 159 149 95 148 130 11 165 37 157 36 121 81 59 47 44 137 82 138 5 67
93:93 168 156 113 4 128 110 117 11 21 59 44 159 25 130 62 112 36 149 10 95 116 121 157 89 148 167 92 165 42 37 63 6 81 47 82 137 138 5 67 91 12 166
94:94 97 124 64 76 163 71 50 125 114 79 28 99 151 123 140 60 98 9 164 32 51 21 84 160 109 40 104 144 30 18 122 96
95:95 159 149 42 4 36 165 157 11 148 113 130 82 37 156 5 128 81 59 93 25 168 44 47 137 121 117 138 67 62 10 112 167 116 89 92 110 6 63
96:96 125 14 143 23 27 163 26 134 77 15 90 48 52 120 39 31 136 32 61 8 115 109 108 46 153 30 3 56 2 146 142 19 69 24 152 22 21 70 160 154 40 9 144 84 51 164 100 54 122 1 98 34 55 68 140 145 17 132 85 7 78 86 58 118 135 35 103 71 131 65 50 43 162 53 57 141 139 133 87 33 45 16 106 101 20 105 73 107 29 60 147 155 80 158 104 13 102 169 123 18 72 94 74 79 151 97 124 28 119 99 114 64 76 41 49 161 66 75 83
97:97 140 64 94 114 99 9 98 28 79 123 124 151 76 60 164 71 104 18 50 32 51 125 21 84 109 40 163 30 144 122 96 160
98:98 99 97 110 125 109 74 18 163 119 23 135 75 160 53 169 66 41 64 79 114 32 9 140 96 123 144 49 28 94 161 151 31 90 1 84 51 124 76 83 164 21 40 72 115 104 60 71 30 50 122 102 154 136 105 22 3 147 15 14 52 8 153 120 2 39 19 70 80 61 152 27 143 107 16 155 118 101 48 100 29 158 77 13 73 56 85 106 145 133 103 87 33 26 162 43 139 86 20 45 65 58 7 146 34 131 78 108 55 17 35 142 141 132 57 46 54 134 68 69 24
99:99 140 64 98 28 79 97 123 114 124 151 9 94 60 164 76 104 32 51 18 71 125 84 21 109 40 163 30 96 122 160
100:100 51 85 19 87 35 118 71 163 34 1 145 146 124 115 57 2 134 17 27 169 78 58 43 86 7 32 61 154 50 132 65 46 107 141 70 144 29 31 147 26 56 139 108 153 162 102 20 94 55 133 135 106 22 80 16 45 155 33 101 131 13 39 142 68 15 103 122 52 158 73 53 105 54 30 18 123 104 60 84 151 79 40 125 21 96 98 64 164 109 28 97 9 114 99 23 76 140 77 143 69 90 120 3 136 152 8 72 74 119 161 48 66 41 75 49 83 160 14 24
101:101 162 80 131 104 60 13 45 107 55 158 79 106 23 35 22 94 31 103 53 169 54 72 105 16 155 1 29 33 65 108 73 147 123 154 18 30 133 85 151 102 20 52 70 118 68 145 26 141 122 124 144 139 58 39 134 43 132 87 135 7 86 50 100 34 2 57 61 71 40 15 28 78 153 17 64 163 51 114 97 84 76 99 98 164 9 115 140 96 21 125 32 27 109 90 143 146 46
102:102 1 72 16 80 147 154 124 119 23 64 82 18 105 67 5 155 107 158 13 104 169 138 151 94 90 41 79 161 51 101 165 75 123 97 49 66 28 29 83 74 115 73 103 99 76 106 114 98 60 140 118 20 136 125 84 33 45 122 9 71 145 164 108 162 40 87 54 26 21 141 50 32 131 68 100 53 57 17 7 85 139 144 55 133 86 65 96 134 58 43 132 34 70 135 163 109 27 35 78 2 160 22 61 39 30 31 52 153 15 19 143 120 146 3 8 46 152 56 77 142 69 48 14 24
103:103 104 16 65 52 58 7 55 2 53 30 133 105 39 43 153 61 31 22 132 85 86 35 34 163 139 144 78 15 87 70 135 100 118 50 26 40 134 145 71 154 131 101 162 107 146 108 106 68 33 80 57 45 73 54 141 147 13 122 1 155 158 20 29 102 17 18 169 60 94 51 123 84 151 98 64 79 124 97 76 164 114 28 99 9 140 21 125 32 96 27 109 115 23 90 143 46
104:104 151 103 30 105 79 52 18 28 123 124 99 97 40 153 16 64 114 140 94 9 60 39 76 164 22 15 31 2 61 163 32 51 125 70 144 71 84 50 98 21 96 109 135 53 122 160 118 34 86 100 85 78 87 146 145 26 17 58 7 43 139 147 65 133 132 35 33 101 55 102 154 162 106 13 131 54 57 107 134 108 73 80 155 141 45 20 1 158 29 68 169 27 115 23 90 143 46
105:105 104 16 30 107 80 1 87 135 94 103 72 102 40 133 154 13 155 101 65 169 22 52 158 27 43 29 147 144 58 85 18 31 70 118 131 55 139 39 162 86 2 106 53 61 50 35 132 100 34 145 26 153 78 163 45 134 73 15 71 33 7 108 122 20 57 68 54 141 17 60 96 51 123 84 151 125 98 124 79 164 115 23 97 64 9 28 114 99 21 32 76 140 109 90 143 146 46
106:106 20 45 26 18 73 13 33 108 29 162 158 122 123 65 101 145 155 147 131 141 80 54 57 139 68 60 107 17 118 87 169 86 7 105 102 1 16 85 71 58 134 43 100 55 133 103 132 154 53 104 50 35 34 78 144 51 135 70 61 84 94 151 124 79 22 64 97 28 114 2 99 98 164 76 39 40 9 30 140 153 52 31 15 163 21 125 32 96 27 109 115 23 90 143 146 46
107:107 169 16 51 80 155 105 133 73 13 154 158 1 101 102 29 147 104 106 72 103 18 123 45 20 33 162 122 141 53 108 87 124 145 131 54 118 57 139 26 65 58 43 85 68 60 55 17 100 7 86 134 132 144 35 71 50 151 34 78 79 135 70 94 61 64 84 28 22 97 114 99 98 164 2 9 140 76 39 40 30 21 153 52 31 15 163 115 125 32 96 109 27 23 90 143 146 46
108:108 68 54 45 26 134 145 131 60 20 106 115 57 125 141 162 122 33 73 7 17 132 55 101 147 158 155 29 13 18 80 123 139 107 118 53 169 71 16 86 58 1 85 133 102 105 103 65 100 87 78 43 154 34 50 35 104 51 144 135 61 70 27 94 84 22 98 124 151 79 97 64 28 2 114 96 99 164 163 76 23 9 39 40 30 140 21 31 52 153 32 15 109 90 143 146 46
109:109 27 84 21 98 32 48 3 39 151 125 140 143 120 90 51 9 163 96 97 8 19 99 28 124 69 164 122 17 56 123 136 77 79 152 114 146 46 142 24 64 94 14 115 60 160 23 40 71 76 30 104 52 15 31 153 22 2 61 144 70 50 154 100 34 1 78 135 118 85 49 86 145 26 87 105 83 58 7 35 53 43 132 65 103 139 161 66 18 41 133 102 16 75 55 147 72 101 119 134 74 169 107 131 54 162 80 13 155 106 33 29 158 108 73 45 20 68 141 57
110:110 6 116 98 10 92 117 11 93 159 167 89 63 62 112 113 168 42 4 25 128 95 156 149 130 148 165 37 157 36 59 121 81 47 44 82 137 5 138 67 91 12 166
111:111 150 88 129 127 38 126
112:112 6 167 168 116 10 92 117 89 63 42 62 110 93 156 128 113 4 25 159 149 95 148 130 11 165 37 157 36 121 81 59 47 44 137 82 138 5 67
113:113 93 137 159 168 4 25 11 59 149 95 130 121 110 44 156 157 148 128 36 47 37 81 165 117 82 116 5 62 6 10 112 92 89 138 167 67 42 63
114:114 64 28 79 50 97 76 99 71 94 151 140 124 123 60 104 164 9 32 51 84 21 125 40 109 98 18 163 30 144 122 96 160
115:115 90 7 119 57 23 27 31 142 41 49 30 136 161 8 75 14 77 74 154 3 66 72 1 83 140 96 22 160 52 153 2 46 163 39 152 15 69 120 56 40 76 146 70 169 19 48 32 24 61 143 109 125 17 144 98 100 9 21 51 84 78 164 34 85 122 97 135 55 26 145 86 118 134 132 50 71 123 58 114 94 99 43 35 131 54 28 68 65 64 108 79 60 124 139 87 103 141 151 101 104 133 53 147 162 106 33 45 18 20 105 16 73 29 155 80 158 107 13 102
116:116 6 89 168 112 10 92 110 167 63 62 42 117 93 156 128 113 4 25 159 149 95 148 130 11 165 37 157 36 121 81 59 47 44 137 82 138 5 67
117:117 36 167 112 5 47 92 121 110 11 89 6 10 116 62 59 148 138 165 81 63 37 82 128 157 137 156 67 168 130 93 113 44 95 149 4 159 42 25
118:118 86 71 26 100 85 139 7 43 61 34 50 1 145 151 87 141 17 22 53 64 94 114 169 164 78 18 58 144 97 79 65 33 133 70 76 60 57 147 132 20 28 153 162 35 101 135 124 106 99 55 45 123 122 108 104 103 154 13 98 68 131 29 73 155 158 54 16 134 105 102 140 80 107 51 30 2 84 40 9 39 52 31 15 163 21 125 32 96 27 109 115 23 90 143 146 46
119:119 161 74 8 75 169 41 66 49 83 72 76
120:120 19 3 8 143 15 72 136 56 32 48 77 90 152 69 109 146 142 46 24 14 21 27 115 96 125 23 91 166 126 12 127 129 38 111 88 150 160
121:121 138 137 81 150 111 117 44 4 47 113 24 88 129 11 82 167 127 38 36 59 67 25 37 93 62 5 157 148 126 168 130 159 165 110 95 156 128 149 166 92 91 12 10 112 116 89 6 42 63 48 14
122:122 84 20 33 17 9 40 73 29 45 158 106 145 57 125 96 141 108 162 155 54 13 21 26 123 68 147 131 60 51 134 164 80 101 107 32 18 7 169 118 132 139 124 55 1 100 151 71 97 102 86 94 79 28 85 16 87 105 98 50 78 144 104 58 154 99 65 43 34 114 64 53 163 135 133 103 35 70 76 140 61 27 22 109 30 2 39 52 31 153 15 115 23 90 143 146 46
123:123 124 99 13 28 32 79 97 119 84 104 60 73 51 29 158 151 9 64 114 164 155 140 94 147 21 18 107 125 80 122 98 20 106 169 109 33 102 101 105 45 1 16 54 118 71 108 145 162 141 68 53 26 57 131 17 7 139 144 50 100 133 85 163 103 86 58 43 65 87 55 154 76 132 78 34 134 135 35 27 70 40 96 61 115 30 22 2 23 39 31 153 52 15 90 146 143 46
124:124 151 79 123 94 28 32 97 99 64 114 104 140 60 9 164 76 51 84 21 125 40 109 98 18
125:125 96 66 163 32 21 98 51 109 84 9 164 169 120 19 3 97 122 160 99 40 123 74 140 136 114 28 8 119 79 124 90 64 94 41 144 151 161 75 76 60 49 83 72 71 14 50 115 77 152 48 56 142 154 69 24 143 146 46 23 27 1 17 100 102 104 18 30 105 147 22 118 107 16 80 145 155 85 158 101 29 13 73 106 20 87 33 133 86 70 34 58 43 162 45 26 139 53 54 7 78 141 65 108 57 35 103 55 61 131 134 132 68 135 2 39 31 52 153 15
126:126 14 129 127 38 91 166 48 67 5 88 12 111 150 24 160 69 137 121 138 47 82 81 59 157 37 44 36 165 130 148 11 95 128 149 156 113 159 93 4 25 168 117 62 110 10 116 92 6 112 89 167 42 63
127:127 150 88 111 129 38 126
128:128 89 149 130 156 62 165 93 91 95 37 92 111 129 148 166 157 36 5 10 116 12 113 81 112 11 126 4 6 47 168 110 82 59 117 159 121 42 25 167 44 137 63 138 67 127 88 150 38
129:129 150 88 111 127 38 126
130:130 148 156 37 128 157 11 81 36 165 113 93 137 95 149 47 82 44 59 5 159 121 168 4 25 67 117 138 62
131:131 162 26 135 42 108 45 55 65 101 57 23 35 103 106 132 141 58 70 68 20 7 63 54 134 145 33 86 34 73 17 122 78 139 85 118 147 50 100 158 53 43 71 61 87 144 133 29 13 155 60 154 18 80 107 16 105 102 1 104 169 2 22 123 98 51 27 84 39 94 115 151 124 79 31 30 64 153 52 15 163 97 40 28 114 99 164 76 9 96 140 125 21 32 109 90 143 146 46
132:132 68 134 55 58 35 135 78 50 145 86 34 65 54 7 43 108 70 85 139 103 100 131 87 26 118 133 61 71 162 144 2 53 101 33 39 153 57 45 106 141 15 52 22 31 73 20 17 30 122 147 163 29 60 40 158 155 13 105 104 80 18 16 154 107 1 102 151 169 94 123 98 79 124 51 84 64 97 28 114 76 115 99 164 9 140 21 125 96 32 27 109 23 90 143 146 46
133:133 53 43 150 58 27 139 16 107 50 65 154 103 55 85 87 105 144 35 80 1 132 102 104 101 34 118 100 134 135 169 86 13 155 145 18 147 70 78 158 7 162 29 131 106 61 71 26 33 73 45 22 108 57 2 72 20 122 141 68 54 17 39 60 31 153 52 15 30 123 163 51 94 40 115 151 79 124 84 96 64 98 164 28 125 97 114 9 99 23 76 140 21 32 109 160 90 143 146 46
134:134 54 132 55 68 143 108 141 45 57 20 17 131 122 162 106 33 26 73 145 7 158 147 101 155 29 60 13 80 18 123 107 118 139 169 71 86 102 1 85 87 58 16 65 78 43 100 105 103 34 154 50 133 35 53 104 144 61 135 70 51 27 94 84 22 124 151 2 64 79 28 39 97 98 114 99 164 76 52 40 31 115 153 30 15 9 163 96 140 21 125 32 109 23 90 146 46
135:135 70 65 2 131 132 162 87 153 35 34 86 39 103 58 78 43 55 106 31 52 139 101 61 85 26 50 133 15 22 100 30 134 118 144 145 53 7 163 16 104 105 71 154 108 40 68 33 107 54 45 73 141 147 80 122 57 13 155 158 20 29 17 18 102 1 169 60 94 151 123 98 79 124 51 84 64 97 28 114 76 115 99 164 9 140 21 125 96 32 27 109 23 90 143 146 46
136:136 3 8 14 6 19 140 77 90 120 161 72 56 119 152 49 41 75 48 66 74 83 142 69 76 115 24 46 146 143 109 32 27 96 125 23 154 21 1 166 169 91 126 12 160 98 163 127 38 129 88 111 150
137:137 67 81 47 37 121 113 24 44 59 138 82 130 11 117 36 148 157 5 93 165 156 95 159 149 128 4 168 25 91 166 12 62 126 127 129 88 111 38 150 48 110 14 10 116 92 6 112 89 167 42 63
138:138 82 67 121 99 167 4 62 5 117 137 89 81 59 140 112 92 44 168 47 10 116 36 113 6 110 128 63 93 37 165 11 42 156 25 130 148 157 95 149 159 91 12 166
139:139 18 87 58 43 133 33 26 50 65 118 35 34 85 86 100 145 53 106 71 132 162 103 147 7 78 61 131 135 144 101 55 16 70 45 105 108 13 2 134 153 73 154 68 54 107 155 158 80 141 20 57 102 104 29 122 1 17 22 60 169 39 123 15 31 30 52 51 151 40 94 163 124 84 79 64 114 97 28 98 99 76 164 9 140 115 21 125 96 32 27 109 23 90 143 146 46
140:140 17 99 90 4 28 97 136 9 64 114 164 123 79 124 98 3 8 151 32 94 60 51 115 160 84 21 125 109 163 76 120 40 71 19 122 50 104 144 30 96 18 25 57 77 56 14 100 23 142 143 146 48 147 69 152 24 46 27 54 34 154 141 20 118 145 1 134 33 78 22 29 155 49 108 158 45 73 13 70 106 85 102 7 68 107 86 169 58 162 105 101 80 26 132 16 87 139 43 35 61 55 65 72 53 133 131 103 135 74 39 153 31 52 2 15 119 41 161 66 75 83
141:141 57 17 33 45 20 68 134 143 54 108 122 73 106 162 158 29 131 155 145 26 147 13 60 101 123 80 107 18 169 139 7 118 55 1 102 132 16 71 105 154 53 85 58 51 104 86 103 133 65 100 87 43 78 50 72 151 34 144 35 135 79 61 70 124 64 94 84 28 97 114 22 27 99 98 164 76 9 140 40 2 30 21 39 96 52 153 125 163 109 31 15 32 115 23 90 146 46
142:142 77 46 69 56 146 91 32 24 14 3 19 8 152 109 120 48 136 90 143 27 115 166 126 23 96 12 127 129 38 111 88 150 160
143:143 96 134 48 90 120 8 68 23 141 109 27 3 14 54 56 136 115 77 152 69 142 19 24 46 146 32 91 166 126 12 125 21 127 129 38 111 88 150 160 9 163 51 84 164 140 17 57
144:144 53 40 50 22 84 43 163 70 34 123 153 39 2 152 135 17 94 109 31 30 52 78 122 76 85 87 64 15 65 133 71 146 35 61 98 100 58 118 139 86 114 103 97 57 145 154 104 79 26 132 7 105 55 99 151 16 28 164 33 124 60 9 101 18 140 131 162 134 141 106 147 45 20 54 108 13 51 73 68 102 32 155 158 29 107 80 1 21 125 169 96 27 115 46 23 90 143
145:145 7 86 108 26 85 68 54 18 20 132 33 162 122 50 147 106 100 1 58 118 154 45 139 71 134 158 73 155 78 141 55 43 101 131 61 35 17 34 102 87 60 65 13 57 29 80 133 107 70 16 135 105 103 144 53 169 104 22 2 123 39 51 27 94 84 124 31 151 153 52 64 15 30 79 163 40 97 114 28 98 76 164 99 9 115 140 96 21 125 32 109 23 90 143 146 46
151:151 124 104 79 60 28 97 147 64 99 123 114 94 140 18 76 164 9 51 32 84 21 125 40 109 98 163 30 71 122 96 54 144 50 160
160:160 150 163 12 41 49 9 24 14 88 114 31 38 129 127 83 75 126 111 52 66 161 166 125 96 76 48 74 30 91 39 2 40 119 153 22 72 15 61 152 169 8 120 69 3 136 142 143 56 77 146 19 46 90 32 23 109 115 154 27 21 70 1 84 164 51 98 144 97 140 100 99 28 123 64 94 79 124 50 151 71 104 60 34 17 135 78 85 118 105 86 102 107 145 18 87 58 16 26 80 132 7 43 147 133 101 65 103 139 55 155 35 13 53 158 134 29 106 131 162 122 73 33 108 57 45 20 54 141 68
161:161 83 119 75 41 49 66 72 74 76 169
146:146 69 32 153 142 46 56 77 3 24 8 152 19 120 136 109 48 27 14 143 90 115 96 23 125 21 91 166 126 12 127 129 38 111 88 150 160 163
164:164 9 25 21 60 51 32 97 96 68 140 114 99 28 125 123 84 64 54 124 79 151 94 109 76 163 98 71 40 160 122 104 30 18 147 144 50 145 108 33 20 73 139 106 118 26 45 158 141 29 155 100 17 13 162 57 101 7 53 134 107 131 80 87 105 86 43 132 85 58 55 169 1 65 34 133 16 154 103 102 35 78 70 135 61 27 22 153 115 2 39 31 52 15 23 90 143 146 46
162:162 131 45 101 135 33 29 26 106 145 57 143 35 141 53 108 20 122 65 73 158 139 7 13 68 155 54 70 147 80 134 118 60 18 17 132 55 107 86 58 87 123 71 43 78 85 34 50 100 133 103 16 144 105 154 61 169 1 102 104 94 51 22 27 151 2 124 79 84 39 64 28 115 97 114 31 30 99 52 98 153 163 15 164 40 76 9 96 140 125 23 21 32 109 90 146 46
165:165 82 149 95 36 5 92 128 157 59 91 130 156 148 37 81 11 12 166 47 159 44 113 93 137 117 121 4 67 138 168 25 62 112 116 10 6 110 167 89 42 63
152:152 8 48 161 46 154 146 3 12 17 142 78 69 56 136 77 90 120 32 91 119 49 83 109 41 34 14 19 24 153 143 75 66 72 74 166 160 115 76 23 126 27 96 140 125 1 169 163 21 98 127 100 38 129 88 111 150 51 9 84 40 164 97 99 28 123 124 114 144 79 64 94 151 30 104 71 50 60 52 22 18 102 31 39 118 2 61 15 70 85 105 145 86 135 107 16 80 147 155 101 58 26 133 132 87 13 7 43 103 65 55 158 139 29 35 53 106 122 134 131 162 73 33 20 108 45 54 57 141 68
147:147 155 124 151 54 18 102 20 13 51 158 123 145 87 68 35 94 169 139 43 105 106 29 80 107 1 108 104 79 97 118 60 100 45 73 58 65 16 28 33 122 101 162 141 26 133 71 86 85 99 64 103 57 154 131 50 114 53 55 7 34 17 98 132 134 144 78 135 70 76 140 164 84 9 61 22 40 21 2 30 39 153 52 31 163 15 125 115 32 96 27 109 23 90 143 146 46
153:153 15 52 78 30 61 146 31 39 22 2 163
163:163 125 160 31 52 39 96 94 30 153 22 15 61 2 70 40 144 135
148:148 130 25 47 37 157 11 82 95 156 36 81 165 149 44 5 159 128 59 113 93 137 4 12 168 121 91 67 138 166 117 126 62 127 129 111 38 88 150 110 48 24 10 116 92 6 112 89 167 42 63 14
154:154 152 107 1 83 134 23 22 75 90 41 49 136 102 104 133 70 16 55 158 80 155 106 85 145 14 19 87 115 2 72 105 161 101 13 103 66 100 43 58 169 29 73 18 27 31 118 8 39 7 147 76 65 132 108 20 74 144 26 139 119 34 86 50 45 35 53 162 40 68 54 123 33 131 122 135 141 61 78 71 30 57 51 60 17 52 153 98 84 15 96 163 94 151 125 164 3 21 9 97 124 120 79 32 28 64 114 109 99 140 143 160 146 46 56 142 77 69 48 24
166:166 12 91 126 24 23 5 48 129 75 109 120 74 127 38 14 88 69 111 143 56 157 150 77 8 142 160 90 3 46 152 136 19 146 32 27 119 115 41 161 49 96 66 72 83 125 21 76 154
157:157 12 82 148 149 95 130 156 81 5 36 37 165 11 159 59 128 47 166 44 91 113 93 137 168 4 117 121 25 138 67 62 126 127 129 111 38 88 150 110 48 24 10 116 92 6 112 89 167 42 63 14
149:149 159 42 95 4 165 128 157 156 36 130 148 37 11 113 82 5 81 59 93 25 168 44 47 137 121 117 138 67 62 10 112 167 116 89 92 110 6 63
150:150 88 111 129 160 127 38 126 12
167:167 89 62 112 92 117 138 63 42 116 10 6 110 168 93 4 156 128 113 121 25 159 149 95 11 130 148 165 36 44 157 37 59 47 81 82 137 5 67
155:155 13 29 107 158 80 147 18 20 73 45 123 1 106 169 33 102 122 101 105 16 108 162 141 145 104 54 51 72 131 26 68 57 60 118 84 103 7 139 17 154 53 85 151 133 55 87 100 65 134 144 124 43 58 86 132 79 34 50 71 94 78 35 64 135 70 28 97 114 61 99 98 164 76 140 9 40 21 22 30 2 39 153 125 52 163 31 15 32 96 109 115 27 23 90 143 146 46
168:168 93 4 116 25 156 112 10 113 159 110 62 6 149 42 167 95 89 92 128 63 117 148 130 11 165 37 157 36 59 121 81 47 44 137 82 138 5 67
158:158 20 13 29 80 155 73 45 107 122 147 106 123 33 108 169 101 18 162 141 54 57 131 145 26 60 68 17 139 118 134 1 102 7 105 87 16 104 71 86 72 100 85 154 51 55 65 58 79 103 53 43 133 132 34 151 35 78 50 124 144 135 61 94 70 64 84 28 22 2 97 114 39 99 98 164 76 140 9 40 31 153 30 52 15 163 21 125 32 96 109 115 27 23 90 143 146 46
156:156 93 168 130 37 128 157 148 149 95 165 36 159 113 81 11 4 82 59 25 44 5 47 121 137 138 117 67 62
159:159 14 149 95 4 113 11 59 168 93 25 42 157 36 165 156 148 130 128 82 44 37 81 5 47 137 121 117 67 138 62 10 112 167 116 89 92 110 6 63
169:169 66 74 107 80 119 29 1 125 49 98 75 41 161 158 155 72 13 16 51 83 102 105 154 18 73 147 76 123 106 104 101 87 20 45 33 122 162 108 141 103 145 131 54 57 60 84 68 26 118 55 17 139 134 21 94 100 132 7 65 85 58 133 71 53 43 50 86 144 35 34 78 115 135 70 61 40 124 64 27 79 151 97 2 114 22 164 28 9 99 30 39 32 163 140 31 153 52 15 96 109 160 23 90 143 136 120 19 3 8 152 146 46 56 142 77 69 48 14 24