5 3
6 2
22 8
28 24
36 19
37 25
38 12
41 0
43 26
43 12
43 14
45 13
47 2
54 39
54 31
55 54
58 36
62 27
65 56
70 56
70 62
71 31
72 10
73 53
74 10
74 3
75 20
75 48
75 57
76 59
76 66
77 7
80 37
80 29
82 74
82 29
83 73
85 80
86 75
86 48
87 65
88 58
88 73
88 67
89 33
90 5
91 66
91 57
93 16
94 80
94 82
95 62
95 56
95 87
96 20
97 5
97 86
97 63
98 77
98 40
98 81
100 13
100 32
100 64
100 47
102 52
102 98
102 3
103 33
104 11
104 16
104 9
105 89
105 103
105 45
105 25
106 25
107 102
107 84
108 78
108 22
109 89
109 37
111 21
111 108
112 97
112 91
113 28
113 59
113 17
114 104
94 35
109 30
65 27
107 40
82 7
99 14
85 12
110 46
21 7
68 8
84 81
30 29
87 17
93 0
74 52
84 74
71 60
74 5
91 48
111 64
87 56
21 20
42 26
24 11
23 4
42 34
89 55
104 4
96 27
69 24
52 3
106 2
29 19
108 4
98 84
64 63
102 40
67 49
100 39
11 3
55 35
69 4
11 10
53 49
78 50
59 36
114 67
113 95
90 11
89 25
92 86
112 57
92 61
83 53
114 53
99 34
112 96
65 20
101 58
108 7
47 6
97 58
89 45
85 31
50 24
46 21
92 75
92 48
114 83
93 23
76 75
98 97
60 47
64 13
94 55
1 0
33 1
92 66
60 6
55 29
57 48
23 22
97 59
67 53
101 94
47 15
88 53
39 15
51 50
64 6
47 22
99 89
32 31
66 59
40 3
81 40
23 9
70 27
77 51
89 37
111 7
68 15
82 39
26 14
60 13
81 10
99 71
15 14
114 110
101 1
90 28
38 26
39 13
99 61
66 24
64 60
70 69
75 44
113 76
35 34
76 27
76 70
107 10
79 55
83 49
87 86
84 24
106 15
106 6
99 54
75 66
34 18
54 14
78 28
109 33
64 2
57 44
110 83
113 87
107 81
63 59
61 31
72 3
101 19
62 61
81 16
107 75
77 22
32 13
27 26
67 16
55 31
53 25
88 83
83 67
72 52
99 31
58 6
112 92
60 59
93 82
99 85
44 19
95 76
34 12
85 43
23 0
41 23
111 23
110 88
61 26
104 87
70 20
50 11
101 51
72 2
18 12
37 36
81 3
103 102
101 29
78 68
85 38
91 86
35 30
103 89
87 20
69 28
43 38
48 44
96 87
66 48
114 15
103 37
78 51
84 10
9 8
103 1
114 49
105 33
101 30
104 67
69 11
104 41
90 0
22 7
73 7
55 6
23 16
34 31
108 9
111 46
110 80
113 65
86 44
111 8
42 29
113 70
101 55
77 21
102 100
104 0
71 38
114 58
25 24
70 43
16 0
98 52
41 40
41 8
9 0
88 46
106 64
65 17
74 2
66 65
107 5
39 6
45 1
104 23
90 23
102 74
45 33
36 18
47 32
78 23
38 14
7 6
108 51
92 15
42 18
105 80
39 32
38 18
74 73
86 66
88 69
112 63
72 71
79 29
47 46
99 18
96 48
30 19
114 88
91 69
61 34
63 58
112 52
86 53
82 81
110 49
95 69
88 49
100 15
112 44
113 96
